23
** Atomic data from version 10.1 of the CHIANTI database **
Observed energies: Kramida, A., Ralchenko, Yu., Reader, J., and NIST ASD Team (2012).
NIST Atomic Spectra Database (ver. 5.0), [Online]. Available: http://physics.nist.gov/
Theoretical energies:
Liang, G. Y. & Badnell, N. R. 2010, A&A, 518, A64
      doi = {10.1051/0004-6361/201014170}
      adsurl = {http://adsabs.harvard.edu/abs/2010A%26A...518A..64L}
Produced for the CHIANTI database v.8 by Giulio Del Zanna  Nov 2013
%filename: ar_9.wgfa
Observed energies: Kramida, A., Ralchenko, Yu., Reader, J., and NIST ASD Team (2012).
NIST Atomic Spectra Database (ver. 5.0), [Online]. Available: http://physics.nist.gov/
Theoretical energies, gf and A-values:
 Liang, G. Y. & Badnell, N. R. 2010, A&A, 518, A64
 doi = {10.1051/0004-6361/201014170}
 adsurl = {http://adsabs.harvard.edu/abs/2010A%26A...518A..64L}
 Note: only transitions with a branching ratio of 10^-5 have been retained.
Produced for the CHIANTI database v.8 by Giulio Del Zanna  Nov 2013
%File processed with wgfa_tidy by pryoung on  6-Mar-2019
%filename: ar_9.scups
Data from Liang, G. Y. & Badnell, N. R. 2010, A&A, 518, A64
      doi = {10.1051/0004-6361/201014170}
      adsurl = {http://adsabs.harvard.edu/abs/2010A%26A...518A..64L}
Produced for the CHIANTI database v.8 by Giulio Del Zanna  Nov 2013
5 23
   1  2s2 2p6 1S0   
   2  2s2 2p5 3s 3P2
   3  2s2 2p5 3s 3P1
   4  2s2 2p5 3s 3P0
   5  2s2 2p5 3s 1P1
     100.0
     158.5
     251.2
     398.1
     631.0
    1000.0
    1584.9
    2511.9
    3981.1
    6309.6
   10000.0
   15848.9
   25118.9
   39810.7
   63095.7
  100000.0
  158489.3
  251188.6
  398107.2
  630957.3
 1000000.0
 1584893.2
 2511886.4
0
   1  2   7.60e-02
   0  0   7.60e-02
   0  0   7.61e-02
   0  0   7.61e-02
   0  0   7.63e-02
   0  0   7.65e-02
   0  0   7.68e-02
   0  0   7.73e-02
   0  0   7.82e-02
   0  0   7.97e-02
   0  0   8.23e-02
   0  0   8.67e-02
   0  0   9.38e-02
   0  0   1.03e-01
   0  0   1.06e-01
   0  0   1.00e-01
   0  0   8.76e-02
   0  0   7.16e-02
   0  0   5.55e-02
   0  0   4.13e-02
   0  0   3.00e-02
   0  0   2.14e-02
   0  0   1.51e-02
   1  3   6.04e-02
   0  0   6.05e-02
   0  0   6.05e-02
   0  0   6.06e-02
   0  0   6.07e-02
   0  0   6.09e-02
   0  0   6.12e-02
   0  0   6.16e-02
   0  0   6.24e-02
   0  0   6.38e-02
   0  0   6.61e-02
   0  0   7.00e-02
   0  0   7.59e-02
   0  0   8.30e-02
   0  0   8.59e-02
   0  0   8.18e-02
   0  0   7.26e-02
   0  0   6.03e-02
   0  0   4.74e-02
   0  0   3.60e-02
   0  0   2.72e-02
   0  0   2.08e-02
   0  0   1.68e-02
   1  4   2.59e-02
   0  0   2.59e-02
   0  0   2.59e-02
   0  0   2.59e-02
   0  0   2.59e-02
   0  0   2.58e-02
   0  0   2.58e-02
   0  0   2.58e-02
   0  0   2.58e-02
   0  0   2.58e-02
   0  0   2.58e-02
   0  0   2.58e-02
   0  0   2.59e-02
   0  0   2.57e-02
   0  0   2.42e-02
   0  0   2.10e-02
   0  0   1.76e-02
   0  0   1.40e-02
   0  0   1.06e-02
   0  0   7.82e-03
   0  0   5.69e-03
   0  0   4.07e-03
   0  0   2.88e-03
   1  5   1.23e-01
   0  0   1.23e-01
   0  0   1.23e-01
   0  0   1.23e-01
   0  0   1.23e-01
   0  0   1.23e-01
   0  0   1.23e-01
   0  0   1.23e-01
   0  0   1.23e-01
   0  0   1.24e-01
   0  0   1.24e-01
   0  0   1.26e-01
   0  0   1.28e-01
   0  0   1.30e-01
   0  0   1.27e-01
   0  0   1.17e-01
   0  0   1.03e-01
   0  0   8.55e-02
   0  0   6.78e-02
   0  0   5.25e-02
   0  0   4.08e-02
   0  0   3.30e-02
   0  0   2.90e-02
   2  3   5.49e+00
   0  0   5.49e+00
   0  0   5.48e+00
   0  0   5.48e+00
   0  0   5.47e+00
   0  0   5.46e+00
   0  0   5.44e+00
   0  0   5.41e+00
   0  0   5.37e+00
   0  0   5.29e+00
   0  0   5.17e+00
   0  0   4.96e+00
   0  0   4.64e+00
   0  0   4.19e+00
   0  0   3.78e+00
   0  0   3.39e+00
   0  0   2.79e+00
   0  0   2.15e+00
   0  0   1.63e+00
   0  0   1.18e+00
   0  0   8.33e-01
   0  0   5.84e-01
   0  0   4.08e-01
   2  4   8.44e-01
   0  0   8.44e-01
   0  0   8.43e-01
   0  0   8.43e-01
   0  0   8.42e-01
   0  0   8.40e-01
   0  0   8.37e-01
   0  0   8.32e-01
   0  0   8.24e-01
   0  0   8.12e-01
   0  0   7.91e-01
   0  0   7.56e-01
   0  0   7.01e-01
   0  0   6.26e-01
   0  0   5.56e-01
   0  0   4.96e-01
   0  0   4.12e-01
   0  0   3.26e-01
   0  0   2.55e-01
   0  0   1.93e-01
   0  0   1.41e-01
   0  0   1.04e-01
   0  0   7.63e-02
   2  5   1.80e+00
   0  0   1.80e+00
   0  0   1.80e+00
   0  0   1.80e+00
   0  0   1.80e+00
   0  0   1.80e+00
   0  0   1.79e+00
   0  0   1.79e+00
   0  0   1.79e+00
   0  0   1.79e+00
   0  0   1.79e+00
   0  0   1.79e+00
   0  0   1.79e+00
   0  0   1.78e+00
   0  0   1.71e+00
   0  0   1.53e+00
   0  0   1.27e+00
   0  0   1.00e+00
   0  0   7.64e-01
   0  0   5.66e-01
   0  0   4.12e-01
   0  0   3.00e-01
   0  0   2.18e-01
   3  4   7.72e-01
   0  0   7.71e-01
   0  0   7.71e-01
   0  0   7.71e-01
   0  0   7.70e-01
   0  0   7.69e-01
   0  0   7.67e-01
   0  0   7.64e-01
   0  0   7.60e-01
   0  0   7.53e-01
   0  0   7.41e-01
   0  0   7.21e-01
   0  0   6.90e-01
   0  0   6.47e-01
   0  0   5.99e-01
   0  0   5.41e-01
   0  0   4.52e-01
   0  0   3.56e-01
   0  0   2.75e-01
   0  0   2.05e-01
   0  0   1.49e-01
   0  0   1.09e-01
   0  0   7.87e-02
   3  5   1.67e+00
   0  0   1.67e+00
   0  0   1.67e+00
   0  0   1.67e+00
   0  0   1.67e+00
   0  0   1.67e+00
   0  0   1.67e+00
   0  0   1.67e+00
   0  0   1.67e+00
   0  0   1.67e+00
   0  0   1.67e+00
   0  0   1.68e+00
   0  0   1.69e+00
   0  0   1.69e+00
   0  0   1.64e+00
   0  0   1.51e+00
   0  0   1.28e+00
   0  0   1.02e+00
   0  0   7.82e-01
   0  0   5.73e-01
   0  0   4.10e-01
   0  0   2.89e-01
   0  0   2.04e-01
   4  5   1.28e+00
   0  0   1.28e+00
   0  0   1.28e+00
   0  0   1.28e+00
   0  0   1.28e+00
   0  0   1.28e+00
   0  0   1.28e+00
   0  0   1.28e+00
   0  0   1.27e+00
   0  0   1.27e+00
   0  0   1.25e+00
   0  0   1.23e+00
   0  0   1.20e+00
   0  0   1.15e+00
   0  0   1.11e+00
   0  0   1.05e+00
   0  0   8.85e-01
   0  0   6.86e-01
   0  0   5.15e-01
   0  0   3.69e-01
   0  0   2.55e-01
   0  0   1.75e-01
   0  0   1.19e-01
 0 0 0
   1  2   3.700e+03
   1  3   6.210e+10
   1  4   0.000e+00
   1  5   1.680e+11
   2  3   0.000e+00
   2  4   1.150e-03
   2  5   0.000e+00
   3  4   5.240e+01
   3  5   0.000e+00
   4  5   0.000e+00
   1  1          0.0
   2  5    2026545.2
   3  3    2033117.5
   4  1    2044488.4
   5  3    2051727.8
