44
** Atomic data from version 10.1 of the CHIANTI database **
Observed and theoretical energies:
Del Zanna, G., Storey, P. J., Badnell, N. R., Mason, H. E., 2014, A&A, 565, A77
DOI: 10.1051/0004-6361/201323297
Ryabtsev, A.N., Kononov, E.Y., Young, P.R., 2022, ApJ, 936, 60
DOI: 10.3847/1538-4357/ac7d51
Note: the the theoretical energies are the 'best energies', i.e.
are the empirically-adjusted theoretical energies.
Theoretical energy levels (n=6 levels above level no.865):
O'Dwyer, B., Del Zanna, G., Badnell, N.R., Mason, H. E.,Storey, P.J.,
2012, A&A, 537, A22
Produced for the CHIANTI database v.8 by G. Del Zanna 26 June 2014
%comments
  Energies for the 4f levels are from Ryabtsev et al. (2022), but the energies
  assigned to the 3F4 and 1G4 levels have been swapped. The energies for the
  1F3 and 3F3 levels have also been swapped. The CHIANTI 10.1 paper has more
  details.
  Of the 45 3d^2 level energies listed by Ryabtsev et al. (2022), 16 were added
  to the CHIANTI model. A separate document explains how the decisions were made
  - see the CHIANTI 10.1 paper for more details.
%filename: fe_9.wgfa
%filename:  fe_9.wgfa
Theoretical energies, gf and A-values:
Del Zanna, G., Storey, P. J., Badnell, N. R., Mason, H. E., 2014, A&A, 565, A77
DOI: 10.1051/0004-6361/201323297
Note: the the theoretical energies are the 'best energies', i.e.
are the empirically-adjusted theoretical energies.
n=6 levels (above level no.865):
O'Dwyer, B., Del Zanna, G., Badnell, N.R., Mason, H. E.,Storey, P.J.,
2012, A&A, 537, A22
Produced for the CHIANTI database v.8 by G. Del Zanna 26 June 2014
 K. Dere  -  minimum branching ratio =   1.00e-05
    2017 December 06
%comment:
  5-Apr-2023, wavelengths updated with the new elvlc file energies.
%File processed with wgfa_tidy by pryoung on  5-Apr-2023
%filename: fe_9.scups
 Effective collision strenghts are from:
Del Zanna, G., Storey, P. J., Badnell, N. R., Mason, H. E., 2014, A&A, 565, A77
DOI: 10.1051/0004-6361/201323297
for the n=6 levels (above level no.865):
O'Dwyer, B., Del Zanna, G., Badnell, N.R., Mason, H. E.,Storey, P.J.,
2012, A&A, 537, A22
Produced for the CHIANTI database v.8 by G. Del Zanna 26 June 2014
15 23
   1  3s2 3p6 1S0   
   2  3s2 3p5 3d 3P0
   3  3s2 3p5 3d 3P1
   4  3s2 3p5 3d 3P2
   5  3s2 3p5 3d 3F4
   6  3s2 3p5 3d 3F3
   7  3s2 3p5 3d 3F2
   8  3s2 3p5 3d 3D3
   9  3s2 3p5 3d 1D2
  10  3s2 3p5 3d 3D1
  11  3s2 3p5 3d 3D2
  12  3s2 3p5 3d 1F3
  13  3s2 3p5 3d 1P1
  14  3s 3p6 3d 3D1 
  15  3s 3p6 3d 3D2 
     100.0
     158.5
     251.2
     398.1
     631.0
    1000.0
    1584.9
    2511.9
    3981.1
    6309.6
   10000.0
   15848.9
   25118.9
   39810.7
   63095.7
  100000.0
  158489.3
  251188.6
  398107.2
  630957.3
 1000000.0
 1584893.2
 2511886.4
0
   1  2   9.76e-02
   0  0   9.76e-02
   0  0   9.75e-02
   0  0   9.74e-02
   0  0   9.72e-02
   0  0   9.69e-02
   0  0   9.64e-02
   0  0   9.56e-02
   0  0   9.43e-02
   0  0   9.21e-02
   0  0   8.85e-02
   0  0   8.27e-02
   0  0   7.37e-02
   0  0   6.21e-02
   0  0   5.29e-02
   0  0   4.68e-02
   0  0   4.00e-02
   0  0   3.40e-02
   0  0   2.89e-02
   0  0   2.41e-02
   0  0   1.96e-02
   0  0   1.57e-02
   0  0   1.22e-02
   1  3   2.61e-02
   0  0   2.78e-02
   0  0   3.05e-02
   0  0   3.47e-02
   0  0   4.13e-02
   0  0   5.13e-02
   0  0   6.62e-02
   0  0   8.76e-02
   0  0   1.17e-01
   0  0   1.52e-01
   0  0   1.88e-01
   0  0   2.11e-01
   0  0   2.03e-01
   0  0   1.66e-01
   0  0   1.43e-01
   0  0   1.31e-01
   0  0   1.14e-01
   0  0   9.84e-02
   0  0   8.47e-02
   0  0   7.12e-02
   0  0   5.84e-02
   0  0   4.69e-02
   0  0   3.68e-02
   1  4   3.12e-01
   0  0   3.12e-01
   0  0   3.12e-01
   0  0   3.12e-01
   0  0   3.11e-01
   0  0   3.11e-01
   0  0   3.10e-01
   0  0   3.08e-01
   0  0   3.05e-01
   0  0   3.01e-01
   0  0   2.94e-01
   0  0   2.84e-01
   0  0   2.67e-01
   0  0   2.45e-01
   0  0   2.22e-01
   0  0   2.01e-01
   0  0   1.79e-01
   0  0   1.57e-01
   0  0   1.35e-01
   0  0   1.13e-01
   0  0   9.31e-02
   0  0   7.51e-02
   0  0   5.90e-02
   1  5   2.50e-01
   0  0   2.50e-01
   0  0   2.50e-01
   0  0   2.50e-01
   0  0   2.49e-01
   0  0   2.49e-01
   0  0   2.48e-01
   0  0   2.48e-01
   0  0   2.46e-01
   0  0   2.44e-01
   0  0   2.41e-01
   0  0   2.35e-01
   0  0   2.27e-01
   0  0   2.16e-01
   0  0   1.99e-01
   0  0   1.81e-01
   0  0   1.64e-01
   0  0   1.45e-01
   0  0   1.25e-01
   0  0   1.03e-01
   0  0   8.33e-02
   0  0   6.55e-02
   0  0   5.03e-02
   1  6   3.09e-01
   0  0   3.09e-01
   0  0   3.09e-01
   0  0   3.08e-01
   0  0   3.08e-01
   0  0   3.07e-01
   0  0   3.06e-01
   0  0   3.03e-01
   0  0   3.00e-01
   0  0   2.94e-01
   0  0   2.84e-01
   0  0   2.69e-01
   0  0   2.45e-01
   0  0   2.14e-01
   0  0   1.86e-01
   0  0   1.66e-01
   0  0   1.46e-01
   0  0   1.26e-01
   0  0   1.07e-01
   0  0   8.75e-02
   0  0   7.00e-02
   0  0   5.49e-02
   0  0   4.25e-02
   1  7   1.73e-01
   0  0   1.73e-01
   0  0   1.73e-01
   0  0   1.73e-01
   0  0   1.72e-01
   0  0   1.72e-01
   0  0   1.71e-01
   0  0   1.70e-01
   0  0   1.69e-01
   0  0   1.66e-01
   0  0   1.62e-01
   0  0   1.55e-01
   0  0   1.45e-01
   0  0   1.32e-01
   0  0   1.18e-01
   0  0   1.07e-01
   0  0   9.59e-02
   0  0   8.42e-02
   0  0   7.18e-02
   0  0   5.92e-02
   0  0   4.75e-02
   0  0   3.70e-02
   0  0   2.83e-02
   1  8   2.22e-01
   0  0   2.22e-01
   0  0   2.22e-01
   0  0   2.22e-01
   0  0   2.22e-01
   0  0   2.21e-01
   0  0   2.21e-01
   0  0   2.20e-01
   0  0   2.19e-01
   0  0   2.17e-01
   0  0   2.13e-01
   0  0   2.08e-01
   0  0   2.00e-01
   0  0   1.89e-01
   0  0   1.77e-01
   0  0   1.63e-01
   0  0   1.46e-01
   0  0   1.26e-01
   0  0   1.06e-01
   0  0   8.64e-02
   0  0   7.01e-02
   0  0   5.74e-02
   0  0   4.82e-02
   1  9   1.46e-01
   0  0   1.46e-01
   0  0   1.46e-01
   0  0   1.46e-01
   0  0   1.46e-01
   0  0   1.46e-01
   0  0   1.47e-01
   0  0   1.47e-01
   0  0   1.47e-01
   0  0   1.47e-01
   0  0   1.47e-01
   0  0   1.48e-01
   0  0   1.49e-01
   0  0   1.50e-01
   0  0   1.46e-01
   0  0   1.37e-01
   0  0   1.25e-01
   0  0   1.08e-01
   0  0   8.77e-02
   0  0   6.86e-02
   0  0   5.17e-02
   0  0   3.77e-02
   0  0   2.69e-02
   1 10   5.52e-02
   0  0   5.52e-02
   0  0   5.52e-02
   0  0   5.51e-02
   0  0   5.50e-02
   0  0   5.49e-02
   0  0   5.47e-02
   0  0   5.44e-02
   0  0   5.38e-02
   0  0   5.28e-02
   0  0   5.12e-02
   0  0   4.87e-02
   0  0   4.56e-02
   0  0   4.26e-02
   0  0   4.12e-02
   0  0   4.01e-02
   0  0   3.80e-02
   0  0   3.50e-02
   0  0   3.11e-02
   0  0   2.71e-02
   0  0   2.32e-02
   0  0   1.99e-02
   0  0   1.77e-02
   1 11   8.90e-02
   0  0   8.91e-02
   0  0   8.91e-02
   0  0   8.91e-02
   0  0   8.92e-02
   0  0   8.93e-02
   0  0   8.94e-02
   0  0   8.97e-02
   0  0   9.02e-02
   0  0   9.10e-02
   0  0   9.24e-02
   0  0   9.49e-02
   0  0   9.86e-02
   0  0   1.03e-01
   0  0   1.03e-01
   0  0   9.84e-02
   0  0   9.07e-02
   0  0   7.95e-02
   0  0   6.61e-02
   0  0   5.26e-02
   0  0   4.02e-02
   0  0   2.97e-02
   0  0   2.15e-02
   1 12   4.64e-01
   0  0   4.64e-01
   0  0   4.64e-01
   0  0   4.63e-01
   0  0   4.63e-01
   0  0   4.62e-01
   0  0   4.60e-01
   0  0   4.57e-01
   0  0   4.52e-01
   0  0   4.44e-01
   0  0   4.30e-01
   0  0   4.08e-01
   0  0   3.75e-01
   0  0   3.32e-01
   0  0   2.97e-01
   0  0   2.70e-01
   0  0   2.35e-01
   0  0   1.98e-01
   0  0   1.65e-01
   0  0   1.36e-01
   0  0   1.12e-01
   0  0   9.41e-02
   0  0   8.24e-02
   1 13   2.79e+00
   0  0   2.79e+00
   0  0   2.79e+00
   0  0   2.79e+00
   0  0   2.79e+00
   0  0   2.79e+00
   0  0   2.79e+00
   0  0   2.79e+00
   0  0   2.80e+00
   0  0   2.80e+00
   0  0   2.80e+00
   0  0   2.81e+00
   0  0   2.82e+00
   0  0   2.84e+00
   0  0   2.88e+00
   0  0   2.92e+00
   0  0   2.98e+00
   0  0   3.05e+00
   0  0   3.15e+00
   0  0   3.32e+00
   0  0   3.56e+00
   0  0   3.91e+00
   0  0   4.37e+00
   1 14   3.40e-02
   0  0   3.40e-02
   0  0   3.40e-02
   0  0   3.40e-02
   0  0   3.39e-02
   0  0   3.39e-02
   0  0   3.38e-02
   0  0   3.38e-02
   0  0   3.36e-02
   0  0   3.34e-02
   0  0   3.31e-02
   0  0   3.25e-02
   0  0   3.17e-02
   0  0   3.06e-02
   0  0   2.90e-02
   0  0   2.71e-02
   0  0   2.50e-02
   0  0   2.26e-02
   0  0   2.00e-02
   0  0   1.73e-02
   0  0   1.46e-02
   0  0   1.21e-02
   0  0   9.76e-03
   1 15   5.72e-02
   0  0   5.72e-02
   0  0   5.72e-02
   0  0   5.72e-02
   0  0   5.71e-02
   0  0   5.71e-02
   0  0   5.70e-02
   0  0   5.68e-02
   0  0   5.66e-02
   0  0   5.62e-02
   0  0   5.56e-02
   0  0   5.47e-02
   0  0   5.32e-02
   0  0   5.12e-02
   0  0   4.87e-02
   0  0   4.57e-02
   0  0   4.22e-02
   0  0   3.82e-02
   0  0   3.38e-02
   0  0   2.92e-02
   0  0   2.48e-02
   0  0   2.06e-02
   0  0   1.68e-02
   2  3   5.52e-01
   0  0   5.52e-01
   0  0   5.52e-01
   0  0   5.51e-01
   0  0   5.51e-01
   0  0   5.50e-01
   0  0   5.49e-01
   0  0   5.48e-01
   0  0   5.45e-01
   0  0   5.39e-01
   0  0   5.29e-01
   0  0   5.11e-01
   0  0   4.83e-01
   0  0   4.55e-01
   0  0   4.68e-01
   0  0   5.15e-01
   0  0   5.39e-01
   0  0   5.32e-01
   0  0   4.88e-01
   0  0   4.11e-01
   0  0   3.21e-01
   0  0   2.39e-01
   0  0   1.70e-01
   2  4   2.56e-01
   0  0   2.56e-01
   0  0   2.56e-01
   0  0   2.56e-01
   0  0   2.56e-01
   0  0   2.56e-01
   0  0   2.57e-01
   0  0   2.58e-01
   0  0   2.59e-01
   0  0   2.61e-01
   0  0   2.64e-01
   0  0   2.69e-01
   0  0   2.76e-01
   0  0   2.86e-01
   0  0   3.03e-01
   0  0   3.23e-01
   0  0   3.40e-01
   0  0   3.38e-01
   0  0   3.11e-01
   0  0   2.62e-01
   0  0   2.05e-01
   0  0   1.51e-01
   0  0   1.09e-01
   2  5   1.89e-01
   0  0   1.89e-01
   0  0   1.89e-01
   0  0   1.89e-01
   0  0   1.89e-01
   0  0   1.88e-01
   0  0   1.88e-01
   0  0   1.88e-01
   0  0   1.88e-01
   0  0   1.87e-01
   0  0   1.86e-01
   0  0   1.85e-01
   0  0   1.83e-01
   0  0   1.80e-01
   0  0   1.78e-01
   0  0   1.77e-01
   0  0   1.76e-01
   0  0   1.67e-01
   0  0   1.47e-01
   0  0   1.20e-01
   0  0   9.24e-02
   0  0   6.77e-02
   0  0   4.85e-02
   2  6   2.04e-01
   0  0   2.04e-01
   0  0   2.04e-01
   0  0   2.04e-01
   0  0   2.04e-01
   0  0   2.04e-01
   0  0   2.04e-01
   0  0   2.05e-01
   0  0   2.06e-01
   0  0   2.07e-01
   0  0   2.09e-01
   0  0   2.14e-01
   0  0   2.20e-01
   0  0   2.28e-01
   0  0   2.29e-01
   0  0   2.23e-01
   0  0   2.16e-01
   0  0   2.01e-01
   0  0   1.75e-01
   0  0   1.43e-01
   0  0   1.11e-01
   0  0   8.25e-02
   0  0   5.98e-02
   2  7   2.22e-01
   0  0   2.22e-01
   0  0   2.22e-01
   0  0   2.22e-01
   0  0   2.23e-01
   0  0   2.23e-01
   0  0   2.23e-01
   0  0   2.24e-01
   0  0   2.26e-01
   0  0   2.28e-01
   0  0   2.32e-01
   0  0   2.40e-01
   0  0   2.51e-01
   0  0   2.64e-01
   0  0   2.69e-01
   0  0   2.65e-01
   0  0   2.58e-01
   0  0   2.42e-01
   0  0   2.15e-01
   0  0   1.82e-01
   0  0   1.49e-01
   0  0   1.20e-01
   0  0   9.75e-02
   2  8   1.66e-01
   0  0   1.66e-01
   0  0   1.66e-01
   0  0   1.65e-01
   0  0   1.65e-01
   0  0   1.65e-01
   0  0   1.65e-01
   0  0   1.64e-01
   0  0   1.63e-01
   0  0   1.61e-01
   0  0   1.58e-01
   0  0   1.53e-01
   0  0   1.46e-01
   0  0   1.36e-01
   0  0   1.30e-01
   0  0   1.28e-01
   0  0   1.22e-01
   0  0   1.13e-01
   0  0   9.97e-02
   0  0   8.16e-02
   0  0   6.29e-02
   0  0   4.63e-02
   0  0   3.30e-02
   2  9   1.43e-01
   0  0   1.43e-01
   0  0   1.43e-01
   0  0   1.43e-01
   0  0   1.43e-01
   0  0   1.43e-01
   0  0   1.43e-01
   0  0   1.42e-01
   0  0   1.42e-01
   0  0   1.41e-01
   0  0   1.40e-01
   0  0   1.37e-01
   0  0   1.33e-01
   0  0   1.29e-01
   0  0   1.27e-01
   0  0   1.26e-01
   0  0   1.21e-01
   0  0   1.12e-01
   0  0   9.88e-02
   0  0   8.16e-02
   0  0   6.41e-02
   0  0   4.89e-02
   0  0   3.71e-02
   2 10   1.64e-01
   0  0   1.64e-01
   0  0   1.64e-01
   0  0   1.64e-01
   0  0   1.64e-01
   0  0   1.64e-01
   0  0   1.64e-01
   0  0   1.64e-01
   0  0   1.63e-01
   0  0   1.62e-01
   0  0   1.61e-01
   0  0   1.59e-01
   0  0   1.56e-01
   0  0   1.52e-01
   0  0   1.51e-01
   0  0   1.53e-01
   0  0   1.53e-01
   0  0   1.46e-01
   0  0   1.30e-01
   0  0   1.07e-01
   0  0   8.26e-02
   0  0   6.05e-02
   0  0   4.28e-02
   2 11   1.30e-01
   0  0   1.30e-01
   0  0   1.30e-01
   0  0   1.30e-01
   0  0   1.30e-01
   0  0   1.30e-01
   0  0   1.30e-01
   0  0   1.30e-01
   0  0   1.30e-01
   0  0   1.30e-01
   0  0   1.31e-01
   0  0   1.32e-01
   0  0   1.33e-01
   0  0   1.35e-01
   0  0   1.35e-01
   0  0   1.33e-01
   0  0   1.31e-01
   0  0   1.23e-01
   0  0   1.07e-01
   0  0   8.67e-02
   0  0   6.64e-02
   0  0   4.85e-02
   0  0   3.45e-02
   2 12   1.36e-01
   0  0   1.36e-01
   0  0   1.36e-01
   0  0   1.36e-01
   0  0   1.36e-01
   0  0   1.36e-01
   0  0   1.35e-01
   0  0   1.35e-01
   0  0   1.35e-01
   0  0   1.34e-01
   0  0   1.32e-01
   0  0   1.30e-01
   0  0   1.27e-01
   0  0   1.22e-01
   0  0   1.19e-01
   0  0   1.17e-01
   0  0   1.14e-01
   0  0   1.06e-01
   0  0   9.25e-02
   0  0   7.50e-02
   0  0   5.73e-02
   0  0   4.18e-02
   0  0   2.96e-02
   2 13   5.15e-02
   0  0   5.15e-02
   0  0   5.15e-02
   0  0   5.15e-02
   0  0   5.15e-02
   0  0   5.15e-02
   0  0   5.15e-02
   0  0   5.15e-02
   0  0   5.16e-02
   0  0   5.17e-02
   0  0   5.18e-02
   0  0   5.20e-02
   0  0   5.23e-02
   0  0   5.27e-02
   0  0   5.29e-02
   0  0   5.32e-02
   0  0   5.33e-02
   0  0   5.09e-02
   0  0   4.52e-02
   0  0   3.71e-02
   0  0   2.85e-02
   0  0   2.09e-02
   0  0   1.47e-02
   2 14   2.38e-01
   0  0   2.38e-01
   0  0   2.38e-01
   0  0   2.38e-01
   0  0   2.38e-01
   0  0   2.38e-01
   0  0   2.39e-01
   0  0   2.39e-01
   0  0   2.40e-01
   0  0   2.41e-01
   0  0   2.44e-01
   0  0   2.50e-01
   0  0   2.57e-01
   0  0   2.63e-01
   0  0   2.62e-01
   0  0   2.58e-01
   0  0   2.53e-01
   0  0   2.48e-01
   0  0   2.46e-01
   0  0   2.48e-01
   0  0   2.56e-01
   0  0   2.71e-01
   0  0   2.93e-01
   2 15   7.11e-02
   0  0   7.11e-02
   0  0   7.11e-02
   0  0   7.11e-02
   0  0   7.11e-02
   0  0   7.11e-02
   0  0   7.12e-02
   0  0   7.13e-02
   0  0   7.14e-02
   0  0   7.18e-02
   0  0   7.24e-02
   0  0   7.36e-02
   0  0   7.56e-02
   0  0   7.72e-02
   0  0   7.45e-02
   0  0   6.75e-02
   0  0   5.97e-02
   0  0   5.01e-02
   0  0   3.96e-02
   0  0   2.99e-02
   0  0   2.20e-02
   0  0   1.57e-02
   0  0   1.11e-02
   3  4   9.43e-01
   0  0   9.43e-01
   0  0   9.44e-01
   0  0   9.45e-01
   0  0   9.46e-01
   0  0   9.47e-01
   0  0   9.50e-01
   0  0   9.54e-01
   0  0   9.61e-01
   0  0   9.71e-01
   0  0   9.86e-01
   0  0   1.01e+00
   0  0   1.04e+00
   0  0   1.10e+00
   0  0   1.19e+00
   0  0   1.31e+00
   0  0   1.39e+00
   0  0   1.38e+00
   0  0   1.27e+00
   0  0   1.06e+00
   0  0   8.27e-01
   0  0   6.12e-01
   0  0   4.37e-01
   3  5   5.65e-01
   0  0   5.65e-01
   0  0   5.66e-01
   0  0   5.66e-01
   0  0   5.66e-01
   0  0   5.66e-01
   0  0   5.67e-01
   0  0   5.68e-01
   0  0   5.69e-01
   0  0   5.72e-01
   0  0   5.76e-01
   0  0   5.84e-01
   0  0   5.95e-01
   0  0   6.09e-01
   0  0   6.16e-01
   0  0   6.18e-01
   0  0   6.16e-01
   0  0   5.83e-01
   0  0   5.12e-01
   0  0   4.18e-01
   0  0   3.22e-01
   0  0   2.37e-01
   0  0   1.70e-01
   3  6   6.65e-01
   0  0   6.65e-01
   0  0   6.65e-01
   0  0   6.65e-01
   0  0   6.66e-01
   0  0   6.66e-01
   0  0   6.67e-01
   0  0   6.68e-01
   0  0   6.70e-01
   0  0   6.74e-01
   0  0   6.80e-01
   0  0   6.90e-01
   0  0   7.06e-01
   0  0   7.25e-01
   0  0   7.36e-01
   0  0   7.35e-01
   0  0   7.25e-01
   0  0   6.84e-01
   0  0   6.05e-01
   0  0   5.05e-01
   0  0   4.04e-01
   0  0   3.15e-01
   0  0   2.44e-01
   3  7   5.35e-01
   0  0   5.35e-01
   0  0   5.35e-01
   0  0   5.35e-01
   0  0   5.35e-01
   0  0   5.36e-01
   0  0   5.36e-01
   0  0   5.38e-01
   0  0   5.40e-01
   0  0   5.43e-01
   0  0   5.49e-01
   0  0   5.59e-01
   0  0   5.75e-01
   0  0   5.93e-01
   0  0   5.98e-01
   0  0   5.89e-01
   0  0   5.77e-01
   0  0   5.43e-01
   0  0   4.83e-01
   0  0   4.07e-01
   0  0   3.30e-01
   0  0   2.62e-01
   0  0   2.08e-01
   3  8   6.25e-01
   0  0   6.25e-01
   0  0   6.25e-01
   0  0   6.24e-01
   0  0   6.24e-01
   0  0   6.23e-01
   0  0   6.21e-01
   0  0   6.19e-01
   0  0   6.15e-01
   0  0   6.08e-01
   0  0   5.96e-01
   0  0   5.77e-01
   0  0   5.48e-01
   0  0   5.11e-01
   0  0   4.86e-01
   0  0   4.75e-01
   0  0   4.58e-01
   0  0   4.26e-01
   0  0   3.75e-01
   0  0   3.09e-01
   0  0   2.40e-01
   0  0   1.79e-01
   0  0   1.29e-01
   3  9   4.01e-01
   0  0   4.01e-01
   0  0   4.01e-01
   0  0   4.01e-01
   0  0   4.01e-01
   0  0   4.01e-01
   0  0   4.01e-01
   0  0   4.00e-01
   0  0   3.99e-01
   0  0   3.98e-01
   0  0   3.96e-01
   0  0   3.93e-01
   0  0   3.88e-01
   0  0   3.82e-01
   0  0   3.79e-01
   0  0   3.76e-01
   0  0   3.66e-01
   0  0   3.41e-01
   0  0   3.00e-01
   0  0   2.45e-01
   0  0   1.87e-01
   0  0   1.36e-01
   0  0   9.56e-02
   3 10   3.45e-01
   0  0   3.45e-01
   0  0   3.45e-01
   0  0   3.45e-01
   0  0   3.45e-01
   0  0   3.45e-01
   0  0   3.45e-01
   0  0   3.45e-01
   0  0   3.45e-01
   0  0   3.46e-01
   0  0   3.46e-01
   0  0   3.46e-01
   0  0   3.46e-01
   0  0   3.47e-01
   0  0   3.48e-01
   0  0   3.49e-01
   0  0   3.46e-01
   0  0   3.28e-01
   0  0   2.89e-01
   0  0   2.36e-01
   0  0   1.81e-01
   0  0   1.32e-01
   0  0   9.37e-02
   3 11   4.49e-01
   0  0   4.49e-01
   0  0   4.49e-01
   0  0   4.49e-01
   0  0   4.48e-01
   0  0   4.48e-01
   0  0   4.48e-01
   0  0   4.48e-01
   0  0   4.47e-01
   0  0   4.46e-01
   0  0   4.45e-01
   0  0   4.42e-01
   0  0   4.38e-01
   0  0   4.33e-01
   0  0   4.31e-01
   0  0   4.31e-01
   0  0   4.28e-01
   0  0   4.05e-01
   0  0   3.57e-01
   0  0   2.92e-01
   0  0   2.24e-01
   0  0   1.64e-01
   0  0   1.15e-01
   3 12   4.54e-01
   0  0   4.54e-01
   0  0   4.54e-01
   0  0   4.54e-01
   0  0   4.54e-01
   0  0   4.53e-01
   0  0   4.53e-01
   0  0   4.52e-01
   0  0   4.50e-01
   0  0   4.48e-01
   0  0   4.44e-01
   0  0   4.37e-01
   0  0   4.27e-01
   0  0   4.14e-01
   0  0   4.06e-01
   0  0   4.04e-01
   0  0   3.97e-01
   0  0   3.73e-01
   0  0   3.30e-01
   0  0   2.73e-01
   0  0   2.14e-01
   0  0   1.61e-01
   0  0   1.19e-01
   3 13   1.55e-01
   0  0   1.55e-01
   0  0   1.55e-01
   0  0   1.55e-01
   0  0   1.55e-01
   0  0   1.55e-01
   0  0   1.55e-01
   0  0   1.55e-01
   0  0   1.55e-01
   0  0   1.56e-01
   0  0   1.56e-01
   0  0   1.57e-01
   0  0   1.58e-01
   0  0   1.60e-01
   0  0   1.61e-01
   0  0   1.63e-01
   0  0   1.64e-01
   0  0   1.58e-01
   0  0   1.41e-01
   0  0   1.16e-01
   0  0   8.99e-02
   0  0   6.60e-02
   0  0   4.68e-02
   3 14   3.26e-01
   0  0   3.26e-01
   0  0   3.26e-01
   0  0   3.26e-01
   0  0   3.26e-01
   0  0   3.26e-01
   0  0   3.25e-01
   0  0   3.25e-01
   0  0   3.25e-01
   0  0   3.26e-01
   0  0   3.28e-01
   0  0   3.33e-01
   0  0   3.39e-01
   0  0   3.42e-01
   0  0   3.36e-01
   0  0   3.23e-01
   0  0   3.08e-01
   0  0   2.92e-01
   0  0   2.78e-01
   0  0   2.68e-01
   0  0   2.66e-01
   0  0   2.72e-01
   0  0   2.88e-01
   3 15   5.81e-01
   0  0   5.81e-01
   0  0   5.81e-01
   0  0   5.81e-01
   0  0   5.81e-01
   0  0   5.81e-01
   0  0   5.82e-01
   0  0   5.83e-01
   0  0   5.85e-01
   0  0   5.91e-01
   0  0   6.02e-01
   0  0   6.20e-01
   0  0   6.44e-01
   0  0   6.64e-01
   0  0   6.59e-01
   0  0   6.38e-01
   0  0   6.12e-01
   0  0   5.87e-01
   0  0   5.67e-01
   0  0   5.57e-01
   0  0   5.63e-01
   0  0   5.86e-01
   0  0   6.24e-01
   4  5   1.28e+00
   0  0   1.28e+00
   0  0   1.28e+00
   0  0   1.29e+00
   0  0   1.29e+00
   0  0   1.29e+00
   0  0   1.29e+00
   0  0   1.30e+00
   0  0   1.31e+00
   0  0   1.33e+00
   0  0   1.36e+00
   0  0   1.41e+00
   0  0   1.48e+00
   0  0   1.58e+00
   0  0   1.62e+00
   0  0   1.62e+00
   0  0   1.60e+00
   0  0   1.51e+00
   0  0   1.34e+00
   0  0   1.12e+00
   0  0   8.93e-01
   0  0   6.96e-01
   0  0   5.41e-01
   4  6   9.36e-01
   0  0   9.36e-01
   0  0   9.36e-01
   0  0   9.36e-01
   0  0   9.37e-01
   0  0   9.37e-01
   0  0   9.38e-01
   0  0   9.39e-01
   0  0   9.41e-01
   0  0   9.45e-01
   0  0   9.51e-01
   0  0   9.62e-01
   0  0   9.79e-01
   0  0   9.98e-01
   0  0   1.00e+00
   0  0   9.90e-01
   0  0   9.78e-01
   0  0   9.26e-01
   0  0   8.23e-01
   0  0   6.88e-01
   0  0   5.48e-01
   0  0   4.25e-01
   0  0   3.29e-01
   4  7   6.30e-01
   0  0   6.30e-01
   0  0   6.30e-01
   0  0   6.30e-01
   0  0   6.30e-01
   0  0   6.29e-01
   0  0   6.29e-01
   0  0   6.28e-01
   0  0   6.27e-01
   0  0   6.25e-01
   0  0   6.21e-01
   0  0   6.16e-01
   0  0   6.09e-01
   0  0   5.97e-01
   0  0   5.84e-01
   0  0   5.73e-01
   0  0   5.64e-01
   0  0   5.32e-01
   0  0   4.70e-01
   0  0   3.88e-01
   0  0   3.03e-01
   0  0   2.27e-01
   0  0   1.68e-01
   4  8   1.44e+00
   0  0   1.44e+00
   0  0   1.44e+00
   0  0   1.44e+00
   0  0   1.44e+00
   0  0   1.44e+00
   0  0   1.43e+00
   0  0   1.43e+00
   0  0   1.42e+00
   0  0   1.41e+00
   0  0   1.39e+00
   0  0   1.35e+00
   0  0   1.30e+00
   0  0   1.23e+00
   0  0   1.19e+00
   0  0   1.17e+00
   0  0   1.14e+00
   0  0   1.07e+00
   0  0   9.53e-01
   0  0   7.92e-01
   0  0   6.21e-01
   0  0   4.67e-01
   0  0   3.42e-01
   4  9   6.64e-01
   0  0   6.64e-01
   0  0   6.63e-01
   0  0   6.63e-01
   0  0   6.63e-01
   0  0   6.63e-01
   0  0   6.62e-01
   0  0   6.61e-01
   0  0   6.59e-01
   0  0   6.57e-01
   0  0   6.53e-01
   0  0   6.45e-01
   0  0   6.35e-01
   0  0   6.21e-01
   0  0   6.09e-01
   0  0   5.98e-01
   0  0   5.76e-01
   0  0   5.36e-01
   0  0   4.72e-01
   0  0   3.87e-01
   0  0   2.98e-01
   0  0   2.19e-01
   0  0   1.56e-01
   4 10   3.75e-01
   0  0   3.75e-01
   0  0   3.74e-01
   0  0   3.74e-01
   0  0   3.74e-01
   0  0   3.74e-01
   0  0   3.73e-01
   0  0   3.72e-01
   0  0   3.70e-01
   0  0   3.67e-01
   0  0   3.62e-01
   0  0   3.54e-01
   0  0   3.40e-01
   0  0   3.24e-01
   0  0   3.17e-01
   0  0   3.18e-01
   0  0   3.12e-01
   0  0   2.92e-01
   0  0   2.59e-01
   0  0   2.13e-01
   0  0   1.64e-01
   0  0   1.20e-01
   0  0   8.52e-02
   4 11   6.78e-01
   0  0   6.78e-01
   0  0   6.78e-01
   0  0   6.78e-01
   0  0   6.78e-01
   0  0   6.78e-01
   0  0   6.79e-01
   0  0   6.79e-01
   0  0   6.80e-01
   0  0   6.82e-01
   0  0   6.84e-01
   0  0   6.88e-01
   0  0   6.93e-01
   0  0   7.02e-01
   0  0   7.12e-01
   0  0   7.19e-01
   0  0   7.09e-01
   0  0   6.67e-01
   0  0   5.87e-01
   0  0   4.80e-01
   0  0   3.67e-01
   0  0   2.67e-01
   0  0   1.88e-01
   4 12   8.89e-01
   0  0   8.89e-01
   0  0   8.89e-01
   0  0   8.89e-01
   0  0   8.89e-01
   0  0   8.88e-01
   0  0   8.88e-01
   0  0   8.87e-01
   0  0   8.85e-01
   0  0   8.83e-01
   0  0   8.79e-01
   0  0   8.72e-01
   0  0   8.63e-01
   0  0   8.50e-01
   0  0   8.35e-01
   0  0   8.21e-01
   0  0   8.00e-01
   0  0   7.52e-01
   0  0   6.64e-01
   0  0   5.47e-01
   0  0   4.23e-01
   0  0   3.12e-01
   0  0   2.22e-01
   4 13   2.65e-01
   0  0   2.65e-01
   0  0   2.65e-01
   0  0   2.65e-01
   0  0   2.65e-01
   0  0   2.65e-01
   0  0   2.65e-01
   0  0   2.65e-01
   0  0   2.66e-01
   0  0   2.66e-01
   0  0   2.67e-01
   0  0   2.68e-01
   0  0   2.70e-01
   0  0   2.72e-01
   0  0   2.73e-01
   0  0   2.74e-01
   0  0   2.74e-01
   0  0   2.62e-01
   0  0   2.33e-01
   0  0   1.92e-01
   0  0   1.48e-01
   0  0   1.10e-01
   0  0   7.78e-02
   4 14   2.26e-01
   0  0   2.26e-01
   0  0   2.25e-01
   0  0   2.25e-01
   0  0   2.25e-01
   0  0   2.24e-01
   0  0   2.24e-01
   0  0   2.23e-01
   0  0   2.21e-01
   0  0   2.20e-01
   0  0   2.17e-01
   0  0   2.15e-01
   0  0   2.12e-01
   0  0   2.06e-01
   0  0   1.95e-01
   0  0   1.78e-01
   0  0   1.57e-01
   0  0   1.33e-01
   0  0   1.10e-01
   0  0   8.90e-02
   0  0   7.26e-02
   0  0   6.08e-02
   0  0   5.35e-02
   4 15   5.11e-01
   0  0   5.11e-01
   0  0   5.11e-01
   0  0   5.11e-01
   0  0   5.11e-01
   0  0   5.10e-01
   0  0   5.10e-01
   0  0   5.10e-01
   0  0   5.10e-01
   0  0   5.12e-01
   0  0   5.17e-01
   0  0   5.25e-01
   0  0   5.38e-01
   0  0   5.44e-01
   0  0   5.30e-01
   0  0   5.02e-01
   0  0   4.68e-01
   0  0   4.30e-01
   0  0   3.93e-01
   0  0   3.64e-01
   0  0   3.48e-01
   0  0   3.46e-01
   0  0   3.56e-01
   5  6   3.22e+00
   0  0   3.22e+00
   0  0   3.22e+00
   0  0   3.22e+00
   0  0   3.21e+00
   0  0   3.21e+00
   0  0   3.21e+00
   0  0   3.21e+00
   0  0   3.20e+00
   0  0   3.19e+00
   0  0   3.16e+00
   0  0   3.12e+00
   0  0   3.06e+00
   0  0   2.99e+00
   0  0   3.02e+00
   0  0   3.14e+00
   0  0   3.24e+00
   0  0   3.16e+00
   0  0   2.86e+00
   0  0   2.39e+00
   0  0   1.86e+00
   0  0   1.38e+00
   0  0   9.93e-01
   5  7   1.09e+00
   0  0   1.09e+00
   0  0   1.09e+00
   0  0   1.09e+00
   0  0   1.09e+00
   0  0   1.09e+00
   0  0   1.09e+00
   0  0   1.09e+00
   0  0   1.09e+00
   0  0   1.08e+00
   0  0   1.07e+00
   0  0   1.05e+00
   0  0   1.02e+00
   0  0   9.92e-01
   0  0   1.00e+00
   0  0   1.06e+00
   0  0   1.10e+00
   0  0   1.07e+00
   0  0   9.63e-01
   0  0   7.93e-01
   0  0   6.09e-01
   0  0   4.44e-01
   0  0   3.13e-01
   5  8   2.50e+00
   0  0   2.50e+00
   0  0   2.50e+00
   0  0   2.50e+00
   0  0   2.50e+00
   0  0   2.50e+00
   0  0   2.50e+00
   0  0   2.50e+00
   0  0   2.49e+00
   0  0   2.48e+00
   0  0   2.47e+00
   0  0   2.43e+00
   0  0   2.38e+00
   0  0   2.33e+00
   0  0   2.37e+00
   0  0   2.50e+00
   0  0   2.57e+00
   0  0   2.52e+00
   0  0   2.32e+00
   0  0   2.01e+00
   0  0   1.66e+00
   0  0   1.35e+00
   0  0   1.11e+00
   5  9   9.00e-01
   0  0   9.00e-01
   0  0   9.00e-01
   0  0   9.00e-01
   0  0   9.00e-01
   0  0   9.00e-01
   0  0   9.00e-01
   0  0   8.99e-01
   0  0   8.97e-01
   0  0   8.95e-01
   0  0   8.90e-01
   0  0   8.82e-01
   0  0   8.68e-01
   0  0   8.55e-01
   0  0   8.67e-01
   0  0   8.95e-01
   0  0   8.97e-01
   0  0   8.51e-01
   0  0   7.54e-01
   0  0   6.24e-01
   0  0   4.89e-01
   0  0   3.70e-01
   0  0   2.75e-01
   5 10   2.85e-01
   0  0   2.85e-01
   0  0   2.85e-01
   0  0   2.85e-01
   0  0   2.86e-01
   0  0   2.86e-01
   0  0   2.86e-01
   0  0   2.86e-01
   0  0   2.86e-01
   0  0   2.86e-01
   0  0   2.87e-01
   0  0   2.86e-01
   0  0   2.85e-01
   0  0   2.87e-01
   0  0   3.01e-01
   0  0   3.25e-01
   0  0   3.39e-01
   0  0   3.30e-01
   0  0   2.94e-01
   0  0   2.41e-01
   0  0   1.85e-01
   0  0   1.35e-01
   0  0   9.53e-02
   5 11   8.39e-01
   0  0   8.39e-01
   0  0   8.39e-01
   0  0   8.39e-01
   0  0   8.40e-01
   0  0   8.40e-01
   0  0   8.41e-01
   0  0   8.43e-01
   0  0   8.45e-01
   0  0   8.48e-01
   0  0   8.53e-01
   0  0   8.59e-01
   0  0   8.68e-01
   0  0   8.85e-01
   0  0   9.25e-01
   0  0   9.80e-01
   0  0   1.01e+00
   0  0   9.79e-01
   0  0   8.83e-01
   0  0   7.47e-01
   0  0   6.05e-01
   0  0   4.80e-01
   0  0   3.82e-01
   5 12   1.54e+00
   0  0   1.54e+00
   0  0   1.54e+00
   0  0   1.54e+00
   0  0   1.54e+00
   0  0   1.54e+00
   0  0   1.55e+00
   0  0   1.55e+00
   0  0   1.55e+00
   0  0   1.55e+00
   0  0   1.55e+00
   0  0   1.55e+00
   0  0   1.55e+00
   0  0   1.56e+00
   0  0   1.63e+00
   0  0   1.73e+00
   0  0   1.77e+00
   0  0   1.70e+00
   0  0   1.53e+00
   0  0   1.28e+00
   0  0   1.01e+00
   0  0   7.84e-01
   0  0   6.06e-01
   5 13   3.94e-01
   0  0   3.94e-01
   0  0   3.94e-01
   0  0   3.94e-01
   0  0   3.94e-01
   0  0   3.94e-01
   0  0   3.95e-01
   0  0   3.95e-01
   0  0   3.96e-01
   0  0   3.98e-01
   0  0   4.00e-01
   0  0   4.05e-01
   0  0   4.12e-01
   0  0   4.20e-01
   0  0   4.23e-01
   0  0   4.19e-01
   0  0   4.05e-01
   0  0   3.70e-01
   0  0   3.15e-01
   0  0   2.53e-01
   0  0   1.94e-01
   0  0   1.43e-01
   0  0   1.03e-01
   5 14   1.20e-01
   0  0   1.20e-01
   0  0   1.20e-01
   0  0   1.20e-01
   0  0   1.21e-01
   0  0   1.21e-01
   0  0   1.21e-01
   0  0   1.21e-01
   0  0   1.22e-01
   0  0   1.23e-01
   0  0   1.24e-01
   0  0   1.27e-01
   0  0   1.31e-01
   0  0   1.36e-01
   0  0   1.39e-01
   0  0   1.36e-01
   0  0   1.22e-01
   0  0   1.01e-01
   0  0   7.88e-02
   0  0   5.77e-02
   0  0   4.04e-02
   0  0   2.74e-02
   0  0   1.81e-02
   5 15   3.24e-01
   0  0   3.24e-01
   0  0   3.24e-01
   0  0   3.24e-01
   0  0   3.24e-01
   0  0   3.24e-01
   0  0   3.24e-01
   0  0   3.25e-01
   0  0   3.25e-01
   0  0   3.26e-01
   0  0   3.28e-01
   0  0   3.31e-01
   0  0   3.35e-01
   0  0   3.41e-01
   0  0   3.44e-01
   0  0   3.33e-01
   0  0   2.99e-01
   0  0   2.51e-01
   0  0   2.00e-01
   0  0   1.52e-01
   0  0   1.12e-01
   0  0   8.00e-02
   0  0   5.66e-02
   6  7   2.62e+00
   0  0   2.62e+00
   0  0   2.62e+00
   0  0   2.62e+00
   0  0   2.62e+00
   0  0   2.62e+00
   0  0   2.61e+00
   0  0   2.61e+00
   0  0   2.59e+00
   0  0   2.57e+00
   0  0   2.53e+00
   0  0   2.46e+00
   0  0   2.36e+00
   0  0   2.24e+00
   0  0   2.24e+00
   0  0   2.34e+00
   0  0   2.38e+00
   0  0   2.30e+00
   0  0   2.07e+00
   0  0   1.72e+00
   0  0   1.34e+00
   0  0   9.96e-01
   0  0   7.18e-01
   6  8   1.23e+00
   0  0   1.23e+00
   0  0   1.23e+00
   0  0   1.23e+00
   0  0   1.23e+00
   0  0   1.23e+00
   0  0   1.23e+00
   0  0   1.23e+00
   0  0   1.23e+00
   0  0   1.22e+00
   0  0   1.21e+00
   0  0   1.19e+00
   0  0   1.16e+00
   0  0   1.13e+00
   0  0   1.15e+00
   0  0   1.22e+00
   0  0   1.25e+00
   0  0   1.22e+00
   0  0   1.12e+00
   0  0   9.43e-01
   0  0   7.50e-01
   0  0   5.74e-01
   0  0   4.34e-01
   6  9   1.10e+00
   0  0   1.10e+00
   0  0   1.10e+00
   0  0   1.10e+00
   0  0   1.10e+00
   0  0   1.10e+00
   0  0   1.10e+00
   0  0   1.10e+00
   0  0   1.10e+00
   0  0   1.10e+00
   0  0   1.10e+00
   0  0   1.09e+00
   0  0   1.08e+00
   0  0   1.08e+00
   0  0   1.11e+00
   0  0   1.18e+00
   0  0   1.22e+00
   0  0   1.19e+00
   0  0   1.09e+00
   0  0   9.33e-01
   0  0   7.70e-01
   0  0   6.23e-01
   0  0   5.06e-01
   6 10   6.16e-01
   0  0   6.16e-01
   0  0   6.16e-01
   0  0   6.16e-01
   0  0   6.16e-01
   0  0   6.17e-01
   0  0   6.17e-01
   0  0   6.19e-01
   0  0   6.20e-01
   0  0   6.23e-01
   0  0   6.26e-01
   0  0   6.32e-01
   0  0   6.40e-01
   0  0   6.53e-01
   0  0   6.81e-01
   0  0   7.17e-01
   0  0   7.39e-01
   0  0   7.19e-01
   0  0   6.53e-01
   0  0   5.60e-01
   0  0   4.62e-01
   0  0   3.78e-01
   0  0   3.14e-01
   6 11   8.63e-01
   0  0   8.63e-01
   0  0   8.63e-01
   0  0   8.64e-01
   0  0   8.64e-01
   0  0   8.65e-01
   0  0   8.66e-01
   0  0   8.68e-01
   0  0   8.70e-01
   0  0   8.74e-01
   0  0   8.79e-01
   0  0   8.86e-01
   0  0   8.95e-01
   0  0   9.16e-01
   0  0   9.69e-01
   0  0   1.04e+00
   0  0   1.09e+00
   0  0   1.07e+00
   0  0   9.78e-01
   0  0   8.34e-01
   0  0   6.76e-01
   0  0   5.33e-01
   0  0   4.19e-01
   6 12   1.01e+00
   0  0   1.01e+00
   0  0   1.01e+00
   0  0   1.01e+00
   0  0   1.01e+00
   0  0   1.01e+00
   0  0   1.01e+00
   0  0   1.02e+00
   0  0   1.02e+00
   0  0   1.02e+00
   0  0   1.03e+00
   0  0   1.04e+00
   0  0   1.05e+00
   0  0   1.08e+00
   0  0   1.15e+00
   0  0   1.25e+00
   0  0   1.29e+00
   0  0   1.25e+00
   0  0   1.13e+00
   0  0   9.28e-01
   0  0   7.15e-01
   0  0   5.27e-01
   0  0   3.77e-01
   6 13   3.42e-01
   0  0   3.42e-01
   0  0   3.42e-01
   0  0   3.42e-01
   0  0   3.42e-01
   0  0   3.42e-01
   0  0   3.43e-01
   0  0   3.43e-01
   0  0   3.43e-01
   0  0   3.44e-01
   0  0   3.44e-01
   0  0   3.46e-01
   0  0   3.48e-01
   0  0   3.51e-01
   0  0   3.52e-01
   0  0   3.49e-01
   0  0   3.38e-01
   0  0   3.10e-01
   0  0   2.67e-01
   0  0   2.16e-01
   0  0   1.67e-01
   0  0   1.25e-01
   0  0   9.14e-02
   6 14   1.89e-01
   0  0   1.89e-01
   0  0   1.89e-01
   0  0   1.89e-01
   0  0   1.89e-01
   0  0   1.89e-01
   0  0   1.90e-01
   0  0   1.90e-01
   0  0   1.91e-01
   0  0   1.93e-01
   0  0   1.95e-01
   0  0   2.00e-01
   0  0   2.06e-01
   0  0   2.15e-01
   0  0   2.19e-01
   0  0   2.13e-01
   0  0   1.94e-01
   0  0   1.67e-01
   0  0   1.37e-01
   0  0   1.08e-01
   0  0   8.36e-02
   0  0   6.33e-02
   0  0   4.75e-02
   6 15   1.08e+00
   0  0   1.08e+00
   0  0   1.08e+00
   0  0   1.08e+00
   0  0   1.08e+00
   0  0   1.08e+00
   0  0   1.08e+00
   0  0   1.08e+00
   0  0   1.09e+00
   0  0   1.09e+00
   0  0   1.10e+00
   0  0   1.12e+00
   0  0   1.14e+00
   0  0   1.17e+00
   0  0   1.19e+00
   0  0   1.19e+00
   0  0   1.17e+00
   0  0   1.14e+00
   0  0   1.12e+00
   0  0   1.11e+00
   0  0   1.13e+00
   0  0   1.19e+00
   0  0   1.28e+00
   7  8   7.27e-01
   0  0   7.27e-01
   0  0   7.27e-01
   0  0   7.26e-01
   0  0   7.26e-01
   0  0   7.25e-01
   0  0   7.23e-01
   0  0   7.21e-01
   0  0   7.16e-01
   0  0   7.08e-01
   0  0   6.94e-01
   0  0   6.70e-01
   0  0   6.33e-01
   0  0   5.92e-01
   0  0   5.89e-01
   0  0   6.21e-01
   0  0   6.34e-01
   0  0   6.15e-01
   0  0   5.57e-01
   0  0   4.65e-01
   0  0   3.64e-01
   0  0   2.73e-01
   0  0   1.99e-01
   7  9   8.23e-01
   0  0   8.23e-01
   0  0   8.23e-01
   0  0   8.23e-01
   0  0   8.23e-01
   0  0   8.23e-01
   0  0   8.22e-01
   0  0   8.21e-01
   0  0   8.20e-01
   0  0   8.17e-01
   0  0   8.11e-01
   0  0   8.00e-01
   0  0   7.82e-01
   0  0   7.67e-01
   0  0   7.93e-01
   0  0   8.51e-01
   0  0   8.83e-01
   0  0   8.77e-01
   0  0   8.15e-01
   0  0   6.95e-01
   0  0   5.50e-01
   0  0   4.13e-01
   0  0   2.99e-01
   7 10   8.18e-01
   0  0   8.18e-01
   0  0   8.18e-01
   0  0   8.18e-01
   0  0   8.19e-01
   0  0   8.20e-01
   0  0   8.21e-01
   0  0   8.22e-01
   0  0   8.25e-01
   0  0   8.29e-01
   0  0   8.35e-01
   0  0   8.43e-01
   0  0   8.54e-01
   0  0   8.76e-01
   0  0   9.24e-01
   0  0   9.91e-01
   0  0   1.04e+00
   0  0   1.03e+00
   0  0   9.66e-01
   0  0   8.51e-01
   0  0   7.23e-01
   0  0   6.09e-01
   0  0   5.20e-01
   7 11   7.64e-01
   0  0   7.64e-01
   0  0   7.64e-01
   0  0   7.64e-01
   0  0   7.64e-01
   0  0   7.65e-01
   0  0   7.65e-01
   0  0   7.66e-01
   0  0   7.67e-01
   0  0   7.69e-01
   0  0   7.70e-01
   0  0   7.72e-01
   0  0   7.74e-01
   0  0   7.82e-01
   0  0   8.13e-01
   0  0   8.59e-01
   0  0   8.87e-01
   0  0   8.67e-01
   0  0   7.92e-01
   0  0   6.76e-01
   0  0   5.50e-01
   0  0   4.37e-01
   0  0   3.47e-01
   7 12   6.05e-01
   0  0   6.05e-01
   0  0   6.05e-01
   0  0   6.06e-01
   0  0   6.06e-01
   0  0   6.07e-01
   0  0   6.09e-01
   0  0   6.11e-01
   0  0   6.14e-01
   0  0   6.19e-01
   0  0   6.26e-01
   0  0   6.36e-01
   0  0   6.52e-01
   0  0   6.79e-01
   0  0   7.27e-01
   0  0   7.84e-01
   0  0   8.09e-01
   0  0   7.85e-01
   0  0   7.07e-01
   0  0   5.88e-01
   0  0   4.58e-01
   0  0   3.39e-01
   0  0   2.42e-01
   7 13   2.44e-01
   0  0   2.44e-01
   0  0   2.44e-01
   0  0   2.44e-01
   0  0   2.45e-01
   0  0   2.45e-01
   0  0   2.45e-01
   0  0   2.45e-01
   0  0   2.46e-01
   0  0   2.47e-01
   0  0   2.48e-01
   0  0   2.51e-01
   0  0   2.55e-01
   0  0   2.60e-01
   0  0   2.63e-01
   0  0   2.62e-01
   0  0   2.57e-01
   0  0   2.37e-01
   0  0   2.04e-01
   0  0   1.65e-01
   0  0   1.27e-01
   0  0   9.33e-02
   0  0   6.67e-02
   7 14   7.35e-01
   0  0   7.35e-01
   0  0   7.35e-01
   0  0   7.35e-01
   0  0   7.35e-01
   0  0   7.36e-01
   0  0   7.36e-01
   0  0   7.36e-01
   0  0   7.37e-01
   0  0   7.39e-01
   0  0   7.43e-01
   0  0   7.49e-01
   0  0   7.57e-01
   0  0   7.68e-01
   0  0   7.76e-01
   0  0   7.76e-01
   0  0   7.68e-01
   0  0   7.58e-01
   0  0   7.50e-01
   0  0   7.54e-01
   0  0   7.75e-01
   0  0   8.16e-01
   0  0   8.79e-01
   7 15   2.60e-01
   0  0   2.60e-01
   0  0   2.60e-01
   0  0   2.60e-01
   0  0   2.61e-01
   0  0   2.61e-01
   0  0   2.62e-01
   0  0   2.63e-01
   0  0   2.64e-01
   0  0   2.67e-01
   0  0   2.72e-01
   0  0   2.81e-01
   0  0   2.92e-01
   0  0   3.04e-01
   0  0   3.09e-01
   0  0   3.01e-01
   0  0   2.76e-01
   0  0   2.41e-01
   0  0   2.02e-01
   0  0   1.67e-01
   0  0   1.39e-01
   0  0   1.17e-01
   0  0   1.02e-01
   8  9   1.05e+00
   0  0   1.05e+00
   0  0   1.05e+00
   0  0   1.05e+00
   0  0   1.05e+00
   0  0   1.05e+00
   0  0   1.05e+00
   0  0   1.05e+00
   0  0   1.05e+00
   0  0   1.04e+00
   0  0   1.04e+00
   0  0   1.02e+00
   0  0   9.96e-01
   0  0   9.77e-01
   0  0   1.02e+00
   0  0   1.11e+00
   0  0   1.18e+00
   0  0   1.17e+00
   0  0   1.08e+00
   0  0   9.00e-01
   0  0   7.00e-01
   0  0   5.20e-01
   0  0   3.74e-01
   8 10   3.53e-01
   0  0   3.53e-01
   0  0   3.53e-01
   0  0   3.53e-01
   0  0   3.54e-01
   0  0   3.54e-01
   0  0   3.55e-01
   0  0   3.56e-01
   0  0   3.57e-01
   0  0   3.58e-01
   0  0   3.60e-01
   0  0   3.61e-01
   0  0   3.62e-01
   0  0   3.71e-01
   0  0   4.14e-01
   0  0   4.84e-01
   0  0   5.35e-01
   0  0   5.43e-01
   0  0   4.98e-01
   0  0   4.14e-01
   0  0   3.20e-01
   0  0   2.35e-01
   0  0   1.67e-01
   8 11   1.09e+00
   0  0   1.09e+00
   0  0   1.09e+00
   0  0   1.09e+00
   0  0   1.09e+00
   0  0   1.09e+00
   0  0   1.09e+00
   0  0   1.10e+00
   0  0   1.10e+00
   0  0   1.11e+00
   0  0   1.12e+00
   0  0   1.14e+00
   0  0   1.16e+00
   0  0   1.21e+00
   0  0   1.31e+00
   0  0   1.46e+00
   0  0   1.57e+00
   0  0   1.58e+00
   0  0   1.47e+00
   0  0   1.26e+00
   0  0   1.04e+00
   0  0   8.37e-01
   0  0   6.73e-01
   8 12   2.08e+00
   0  0   2.08e+00
   0  0   2.08e+00
   0  0   2.09e+00
   0  0   2.09e+00
   0  0   2.09e+00
   0  0   2.09e+00
   0  0   2.10e+00
   0  0   2.10e+00
   0  0   2.11e+00
   0  0   2.11e+00
   0  0   2.12e+00
   0  0   2.13e+00
   0  0   2.17e+00
   0  0   2.35e+00
   0  0   2.66e+00
   0  0   2.88e+00
   0  0   2.90e+00
   0  0   2.67e+00
   0  0   2.25e+00
   0  0   1.75e+00
   0  0   1.30e+00
   0  0   9.38e-01
   8 13   4.73e-01
   0  0   4.73e-01
   0  0   4.73e-01
   0  0   4.72e-01
   0  0   4.72e-01
   0  0   4.72e-01
   0  0   4.72e-01
   0  0   4.71e-01
   0  0   4.70e-01
   0  0   4.69e-01
   0  0   4.66e-01
   0  0   4.60e-01
   0  0   4.52e-01
   0  0   4.43e-01
   0  0   4.43e-01
   0  0   4.44e-01
   0  0   4.29e-01
   0  0   3.94e-01
   0  0   3.39e-01
   0  0   2.75e-01
   0  0   2.12e-01
   0  0   1.60e-01
   0  0   1.20e-01
   8 14   1.23e-01
   0  0   1.23e-01
   0  0   1.23e-01
   0  0   1.22e-01
   0  0   1.22e-01
   0  0   1.22e-01
   0  0   1.22e-01
   0  0   1.22e-01
   0  0   1.22e-01
   0  0   1.22e-01
   0  0   1.22e-01
   0  0   1.21e-01
   0  0   1.20e-01
   0  0   1.19e-01
   0  0   1.21e-01
   0  0   1.22e-01
   0  0   1.13e-01
   0  0   9.57e-02
   0  0   7.55e-02
   0  0   5.62e-02
   0  0   3.99e-02
   0  0   2.73e-02
   0  0   1.83e-02
   8 15   2.92e-01
   0  0   2.92e-01
   0  0   2.92e-01
   0  0   2.92e-01
   0  0   2.92e-01
   0  0   2.93e-01
   0  0   2.93e-01
   0  0   2.93e-01
   0  0   2.94e-01
   0  0   2.94e-01
   0  0   2.95e-01
   0  0   2.95e-01
   0  0   2.96e-01
   0  0   3.00e-01
   0  0   3.08e-01
   0  0   3.10e-01
   0  0   2.93e-01
   0  0   2.62e-01
   0  0   2.26e-01
   0  0   1.91e-01
   0  0   1.62e-01
   0  0   1.41e-01
   0  0   1.28e-01
   9 10   4.24e-01
   0  0   4.24e-01
   0  0   4.24e-01
   0  0   4.24e-01
   0  0   4.25e-01
   0  0   4.25e-01
   0  0   4.26e-01
   0  0   4.27e-01
   0  0   4.29e-01
   0  0   4.31e-01
   0  0   4.34e-01
   0  0   4.38e-01
   0  0   4.43e-01
   0  0   4.56e-01
   0  0   4.94e-01
   0  0   5.51e-01
   0  0   5.93e-01
   0  0   5.97e-01
   0  0   5.54e-01
   0  0   4.72e-01
   0  0   3.75e-01
   0  0   2.83e-01
   0  0   2.06e-01
   9 11   8.13e-01
   0  0   8.14e-01
   0  0   8.14e-01
   0  0   8.15e-01
   0  0   8.17e-01
   0  0   8.19e-01
   0  0   8.22e-01
   0  0   8.27e-01
   0  0   8.35e-01
   0  0   8.47e-01
   0  0   8.64e-01
   0  0   8.89e-01
   0  0   9.25e-01
   0  0   9.90e-01
   0  0   1.12e+00
   0  0   1.28e+00
   0  0   1.39e+00
   0  0   1.39e+00
   0  0   1.28e+00
   0  0   1.06e+00
   0  0   8.16e-01
   0  0   5.92e-01
   0  0   4.14e-01
   9 12   1.34e+00
   0  0   1.34e+00
   0  0   1.34e+00
   0  0   1.34e+00
   0  0   1.34e+00
   0  0   1.34e+00
   0  0   1.35e+00
   0  0   1.35e+00
   0  0   1.36e+00
   0  0   1.37e+00
   0  0   1.38e+00
   0  0   1.40e+00
   0  0   1.43e+00
   0  0   1.48e+00
   0  0   1.58e+00
   0  0   1.72e+00
   0  0   1.80e+00
   0  0   1.78e+00
   0  0   1.65e+00
   0  0   1.43e+00
   0  0   1.19e+00
   0  0   9.68e-01
   0  0   7.93e-01
   9 13   5.82e-01
   0  0   5.82e-01
   0  0   5.82e-01
   0  0   5.82e-01
   0  0   5.82e-01
   0  0   5.82e-01
   0  0   5.82e-01
   0  0   5.82e-01
   0  0   5.83e-01
   0  0   5.84e-01
   0  0   5.86e-01
   0  0   5.89e-01
   0  0   5.94e-01
   0  0   5.99e-01
   0  0   5.96e-01
   0  0   5.87e-01
   0  0   5.73e-01
   0  0   5.31e-01
   0  0   4.56e-01
   0  0   3.65e-01
   0  0   2.74e-01
   0  0   1.96e-01
   0  0   1.36e-01
   9 14   3.36e-02
   0  0   3.46e-02
   0  0   3.61e-02
   0  0   3.86e-02
   0  0   4.23e-02
   0  0   4.82e-02
   0  0   5.70e-02
   0  0   6.98e-02
   0  0   8.78e-02
   0  0   1.11e-01
   0  0   1.36e-01
   0  0   1.57e-01
   0  0   1.63e-01
   0  0   1.52e-01
   0  0   1.50e-01
   0  0   1.51e-01
   0  0   1.39e-01
   0  0   1.22e-01
   0  0   1.03e-01
   0  0   8.27e-02
   0  0   6.50e-02
   0  0   5.06e-02
   0  0   3.87e-02
   9 15   4.67e-01
   0  0   4.67e-01
   0  0   4.67e-01
   0  0   4.67e-01
   0  0   4.67e-01
   0  0   4.66e-01
   0  0   4.66e-01
   0  0   4.66e-01
   0  0   4.65e-01
   0  0   4.63e-01
   0  0   4.61e-01
   0  0   4.57e-01
   0  0   4.53e-01
   0  0   4.50e-01
   0  0   4.52e-01
   0  0   4.52e-01
   0  0   4.41e-01
   0  0   4.22e-01
   0  0   4.01e-01
   0  0   3.85e-01
   0  0   3.79e-01
   0  0   3.83e-01
   0  0   3.98e-01
  10 11   7.53e-01
   0  0   7.53e-01
   0  0   7.54e-01
   0  0   7.54e-01
   0  0   7.54e-01
   0  0   7.55e-01
   0  0   7.56e-01
   0  0   7.58e-01
   0  0   7.60e-01
   0  0   7.64e-01
   0  0   7.68e-01
   0  0   7.74e-01
   0  0   7.82e-01
   0  0   8.01e-01
   0  0   8.58e-01
   0  0   9.45e-01
   0  0   1.01e+00
   0  0   1.01e+00
   0  0   9.24e-01
   0  0   7.90e-01
   0  0   6.39e-01
   0  0   4.99e-01
   0  0   3.85e-01
  10 12   3.27e-01
   0  0   3.27e-01
   0  0   3.27e-01
   0  0   3.27e-01
   0  0   3.28e-01
   0  0   3.28e-01
   0  0   3.29e-01
   0  0   3.30e-01
   0  0   3.31e-01
   0  0   3.33e-01
   0  0   3.36e-01
   0  0   3.39e-01
   0  0   3.43e-01
   0  0   3.54e-01
   0  0   3.89e-01
   0  0   4.38e-01
   0  0   4.68e-01
   0  0   4.66e-01
   0  0   4.26e-01
   0  0   3.58e-01
   0  0   2.82e-01
   0  0   2.12e-01
   0  0   1.54e-01
  10 13   5.87e-02
   0  0   5.88e-02
   0  0   5.89e-02
   0  0   5.91e-02
   0  0   5.93e-02
   0  0   5.98e-02
   0  0   6.05e-02
   0  0   6.16e-02
   0  0   6.34e-02
   0  0   6.63e-02
   0  0   7.09e-02
   0  0   7.84e-02
   0  0   9.00e-02
   0  0   1.05e-01
   0  0   1.20e-01
   0  0   1.31e-01
   0  0   1.36e-01
   0  0   1.31e-01
   0  0   1.16e-01
   0  0   9.49e-02
   0  0   7.28e-02
   0  0   5.30e-02
   0  0   3.73e-02
  10 14   3.51e-01
   0  0   3.51e-01
   0  0   3.51e-01
   0  0   3.51e-01
   0  0   3.51e-01
   0  0   3.51e-01
   0  0   3.51e-01
   0  0   3.51e-01
   0  0   3.52e-01
   0  0   3.53e-01
   0  0   3.54e-01
   0  0   3.56e-01
   0  0   3.59e-01
   0  0   3.64e-01
   0  0   3.70e-01
   0  0   3.75e-01
   0  0   3.76e-01
   0  0   3.74e-01
   0  0   3.71e-01
   0  0   3.73e-01
   0  0   3.82e-01
   0  0   4.00e-01
   0  0   4.29e-01
  10 15   2.46e-01
   0  0   2.46e-01
   0  0   2.46e-01
   0  0   2.46e-01
   0  0   2.47e-01
   0  0   2.47e-01
   0  0   2.47e-01
   0  0   2.48e-01
   0  0   2.49e-01
   0  0   2.51e-01
   0  0   2.53e-01
   0  0   2.57e-01
   0  0   2.62e-01
   0  0   2.70e-01
   0  0   2.78e-01
   0  0   2.83e-01
   0  0   2.79e-01
   0  0   2.67e-01
   0  0   2.52e-01
   0  0   2.41e-01
   0  0   2.33e-01
   0  0   2.33e-01
   0  0   2.40e-01
  11 12   9.10e-01
   0  0   9.10e-01
   0  0   9.11e-01
   0  0   9.11e-01
   0  0   9.12e-01
   0  0   9.14e-01
   0  0   9.16e-01
   0  0   9.19e-01
   0  0   9.25e-01
   0  0   9.32e-01
   0  0   9.42e-01
   0  0   9.56e-01
   0  0   9.77e-01
   0  0   1.02e+00
   0  0   1.12e+00
   0  0   1.25e+00
   0  0   1.34e+00
   0  0   1.34e+00
   0  0   1.24e+00
   0  0   1.05e+00
   0  0   8.45e-01
   0  0   6.53e-01
   0  0   4.97e-01
  11 13   3.42e-01
   0  0   3.42e-01
   0  0   3.43e-01
   0  0   3.43e-01
   0  0   3.43e-01
   0  0   3.43e-01
   0  0   3.44e-01
   0  0   3.45e-01
   0  0   3.47e-01
   0  0   3.50e-01
   0  0   3.55e-01
   0  0   3.63e-01
   0  0   3.76e-01
   0  0   3.92e-01
   0  0   4.04e-01
   0  0   4.07e-01
   0  0   4.03e-01
   0  0   3.76e-01
   0  0   3.26e-01
   0  0   2.62e-01
   0  0   1.99e-01
   0  0   1.43e-01
   0  0   1.00e-01
  11 14   1.72e-01
   0  0   1.72e-01
   0  0   1.72e-01
   0  0   1.72e-01
   0  0   1.72e-01
   0  0   1.72e-01
   0  0   1.72e-01
   0  0   1.72e-01
   0  0   1.72e-01
   0  0   1.72e-01
   0  0   1.71e-01
   0  0   1.70e-01
   0  0   1.69e-01
   0  0   1.69e-01
   0  0   1.71e-01
   0  0   1.71e-01
   0  0   1.63e-01
   0  0   1.48e-01
   0  0   1.31e-01
   0  0   1.14e-01
   0  0   1.02e-01
   0  0   9.42e-02
   0  0   9.14e-02
  11 15   4.41e-01
   0  0   4.41e-01
   0  0   4.41e-01
   0  0   4.41e-01
   0  0   4.41e-01
   0  0   4.41e-01
   0  0   4.41e-01
   0  0   4.41e-01
   0  0   4.42e-01
   0  0   4.42e-01
   0  0   4.42e-01
   0  0   4.42e-01
   0  0   4.43e-01
   0  0   4.46e-01
   0  0   4.53e-01
   0  0   4.55e-01
   0  0   4.45e-01
   0  0   4.27e-01
   0  0   4.05e-01
   0  0   3.88e-01
   0  0   3.81e-01
   0  0   3.86e-01
   0  0   4.03e-01
  12 13   9.09e-01
   0  0   9.09e-01
   0  0   9.08e-01
   0  0   9.08e-01
   0  0   9.07e-01
   0  0   9.05e-01
   0  0   9.02e-01
   0  0   8.98e-01
   0  0   8.91e-01
   0  0   8.79e-01
   0  0   8.59e-01
   0  0   8.26e-01
   0  0   7.75e-01
   0  0   7.12e-01
   0  0   6.71e-01
   0  0   6.49e-01
   0  0   6.09e-01
   0  0   5.52e-01
   0  0   4.77e-01
   0  0   3.90e-01
   0  0   3.06e-01
   0  0   2.38e-01
   0  0   1.86e-01
  12 14   1.27e-01
   0  0   1.27e-01
   0  0   1.27e-01
   0  0   1.27e-01
   0  0   1.27e-01
   0  0   1.28e-01
   0  0   1.28e-01
   0  0   1.28e-01
   0  0   1.28e-01
   0  0   1.29e-01
   0  0   1.30e-01
   0  0   1.31e-01
   0  0   1.33e-01
   0  0   1.36e-01
   0  0   1.40e-01
   0  0   1.41e-01
   0  0   1.30e-01
   0  0   1.12e-01
   0  0   9.03e-02
   0  0   6.93e-02
   0  0   5.13e-02
   0  0   3.72e-02
   0  0   2.65e-02
  12 15   5.26e-02
   0  0   5.41e-02
   0  0   5.64e-02
   0  0   6.01e-02
   0  0   6.58e-02
   0  0   7.46e-02
   0  0   8.80e-02
   0  0   1.08e-01
   0  0   1.35e-01
   0  0   1.71e-01
   0  0   2.12e-01
   0  0   2.48e-01
   0  0   2.64e-01
   0  0   2.57e-01
   0  0   2.62e-01
   0  0   2.66e-01
   0  0   2.45e-01
   0  0   2.11e-01
   0  0   1.71e-01
   0  0   1.33e-01
   0  0   9.96e-02
   0  0   7.31e-02
   0  0   5.29e-02
  13 14   3.82e-02
   0  0   3.86e-02
   0  0   3.91e-02
   0  0   4.00e-02
   0  0   4.14e-02
   0  0   4.35e-02
   0  0   4.66e-02
   0  0   5.12e-02
   0  0   5.77e-02
   0  0   6.58e-02
   0  0   7.45e-02
   0  0   8.06e-02
   0  0   7.94e-02
   0  0   6.99e-02
   0  0   6.40e-02
   0  0   6.16e-02
   0  0   5.62e-02
   0  0   4.90e-02
   0  0   4.08e-02
   0  0   3.21e-02
   0  0   2.41e-02
   0  0   1.75e-02
   0  0   1.26e-02
  13 15   6.67e-02
   0  0   6.73e-02
   0  0   6.83e-02
   0  0   6.98e-02
   0  0   7.22e-02
   0  0   7.59e-02
   0  0   8.14e-02
   0  0   8.95e-02
   0  0   1.01e-01
   0  0   1.15e-01
   0  0   1.30e-01
   0  0   1.40e-01
   0  0   1.37e-01
   0  0   1.19e-01
   0  0   1.08e-01
   0  0   1.04e-01
   0  0   9.40e-02
   0  0   8.21e-02
   0  0   6.88e-02
   0  0   5.46e-02
   0  0   4.16e-02
   0  0   3.13e-02
   0  0   2.36e-02
  14 15   8.04e-01
   0  0   8.04e-01
   0  0   8.04e-01
   0  0   8.05e-01
   0  0   8.05e-01
   0  0   8.06e-01
   0  0   8.08e-01
   0  0   8.10e-01
   0  0   8.14e-01
   0  0   8.20e-01
   0  0   8.29e-01
   0  0   8.43e-01
   0  0   8.64e-01
   0  0   8.96e-01
   0  0   9.49e-01
   0  0   1.01e+00
   0  0   1.05e+00
   0  0   1.03e+00
   0  0   9.52e-01
   0  0   8.22e-01
   0  0   6.77e-01
   0  0   5.42e-01
   0  0   4.29e-01
 0 0 0
   1  2   0.000e+00
   1  3   1.180e+07
   1  4   8.710e+01
   1  5   0.000e+00
   1  6   4.840e-02
   1  7   1.870e+00
   1  8   6.430e-01
   1  9   3.240e+01
   1 10   2.400e+08
   1 11   5.800e+00
   1 12   1.600e+00
   1 13   2.280e+11
   1 14   0.000e+00
   1 15   0.000e+00
   2  3   0.000e+00
   2  4   0.000e+00
   2  5   0.000e+00
   2  6   0.000e+00
   2  7   3.030e-02
   2  8   0.000e+00
   2  9   1.460e-01
   2 10   0.000e+00
   2 11   7.920e-02
   2 12   0.000e+00
   2 13   0.000e+00
   2 14   1.380e+09
   2 15   0.000e+00
   3  4   2.070e+00
   3  5   0.000e+00
   3  6   8.330e-03
   3  7   4.380e-02
   3  8   5.840e-02
   3  9   5.670e+00
   3 10   0.000e+00
   3 11   6.750e+00
   3 12   2.660e-01
   3 13   0.000e+00
   3 14   1.260e+09
   3 15   1.710e+09
   4  5   9.220e-04
   4  6   5.130e-02
   4  7   3.740e-02
   4  8   1.400e+01
   4  9   1.750e+00
   4 10   0.000e+00
   4 11   5.800e+01
   4 12   9.750e+00
   4 13   0.000e+00
   4 14   1.330e+08
   4 15   8.500e+08
   5  6   1.060e+00
   5  7   0.000e+00
   5  8   6.530e-01
   5  9   5.000e-02
   5 10   0.000e+00
   5 11   3.550e-01
   5 12   8.360e+01
   5 13   0.000e+00
   5 14   0.000e+00
   5 15   0.000e+00
   6  7   3.030e+00
   6  8   8.540e+00
   6  9   2.530e+01
   6 10   0.000e+00
   6 11   5.460e+00
   6 12   7.310e-01
   6 13   0.000e+00
   6 14   0.000e+00
   6 15   2.750e+09
   7  8   2.610e+00
   7  9   1.890e+01
   7 10   0.000e+00
   7 11   4.590e+00
   7 12   1.630e+01
   7 13   0.000e+00
   7 14   2.990e+09
   7 15   1.080e+08
   8  9   1.300e-02
   8 10   0.000e+00
   8 11   3.210e+00
   8 12   5.960e+00
   8 13   0.000e+00
   8 14   0.000e+00
   8 15   1.280e+08
   9 10   0.000e+00
   9 11   1.140e-01
   9 12   1.260e+00
   9 13   0.000e+00
   9 14   1.960e+06
   9 15   5.550e+08
  10 11   1.640e-01
  10 12   0.000e+00
  10 13   0.000e+00
  10 14   1.010e+09
  10 15   3.180e+08
  11 12   8.450e-02
  11 13   0.000e+00
  11 14   1.720e+08
  11 15   5.330e+08
  12 13   0.000e+00
  12 14   0.000e+00
  12 15   3.860e+05
  13 14   1.480e+05
  13 15   7.170e+05
  14 15   0.000e+00
   1  1          0.0
   2  1     405772.0
   3  3     408315.1
   4  5     413669.2
   5  9     425809.8
   6  7     429310.9
   7  5     433818.8
   8  7     455612.2
   9  5     456752.7
  10  3     460616.0
  11  5     462616.6
  12  7     465828.4
  13  3     584546.0
  14  3     726734.0
  15  5     727560.0
