23
** Atomic data from version 10.1 of the CHIANTI database **
 Observed energies: Kramida, A., Ralchenko, Yu., Reader, J., and NIST ASD Team (2012).
NIST Atomic Spectra Database (ver. 5.0), [Online]. Available: http://physics.nist.gov/
Theoretical energies:
Liang, G. Y. & Badnell, N. R. 2010, A&A, 518, A64
      doi = {10.1051/0004-6361/201014170}
      adsurl = {http://adsabs.harvard.edu/abs/2010A%26A...518A..64L}
Produced for the CHIANTI database v.8 by Giulio Del Zanna  Nov 2013
%filename: k_10.wgfa
Observed energies: Kramida, A., Ralchenko, Yu., Reader, J., and NIST ASD Team (2012).
NIST Atomic Spectra Database (ver. 5.0), [Online]. Available: http://physics.nist.gov/
Theoretical energies, gf and A-values:
 Liang, G. Y. & Badnell, N. R. 2010, A&A, 518, A64
 doi = {10.1051/0004-6361/201014170}
 adsurl = {http://adsabs.harvard.edu/abs/2010A%26A...518A..64L}
 Note: only transitions with a branching ratio of 10^-5 have been retained.
Produced for the CHIANTI database v.8 by Giulio Del Zanna  Nov 2013
%File processed with wgfa_tidy by pryoung on  6-Mar-2019
%filename: k_10.scups
Data from Liang, G. Y. & Badnell, N. R. 2010, A&A, 518, A64
      doi = {10.1051/0004-6361/201014170}
      adsurl = {http://adsabs.harvard.edu/abs/2010A%26A...518A..64L}
Produced for the CHIANTI database v.8 by Giulio Del Zanna  Nov 2013
5 23
   1  2s2 2p6 1S0   
   2  2s2 2p5 3s 3P2
   3  2s2 2p5 3s 3P1
   4  2s2 2p5 3s 3P0
   5  2s2 2p5 3s 1P1
     100.0
     158.5
     251.2
     398.1
     631.0
    1000.0
    1584.9
    2511.9
    3981.1
    6309.6
   10000.0
   15848.9
   25118.9
   39810.7
   63095.7
  100000.0
  158489.3
  251188.6
  398107.2
  630957.3
 1000000.0
 1584893.2
 2511886.4
0
   1  2   3.59e-01
   0  0   3.59e-01
   0  0   3.59e-01
   0  0   3.59e-01
   0  0   3.58e-01
   0  0   3.57e-01
   0  0   3.55e-01
   0  0   3.53e-01
   0  0   3.48e-01
   0  0   3.41e-01
   0  0   3.30e-01
   0  0   3.10e-01
   0  0   2.78e-01
   0  0   2.31e-01
   0  0   1.79e-01
   0  0   1.47e-01
   0  0   1.17e-01
   0  0   8.62e-02
   0  0   6.40e-02
   0  0   4.87e-02
   0  0   3.41e-02
   0  0   2.38e-02
   0  0   1.68e-02
   1  3   2.04e-01
   0  0   2.04e-01
   0  0   2.04e-01
   0  0   2.04e-01
   0  0   2.03e-01
   0  0   2.03e-01
   0  0   2.02e-01
   0  0   2.01e-01
   0  0   1.98e-01
   0  0   1.95e-01
   0  0   1.89e-01
   0  0   1.80e-01
   0  0   1.65e-01
   0  0   1.44e-01
   0  0   1.21e-01
   0  0   1.04e-01
   0  0   8.65e-02
   0  0   6.86e-02
   0  0   5.33e-02
   0  0   4.05e-02
   0  0   3.02e-02
   0  0   2.27e-02
   0  0   1.78e-02
   1  4   1.88e-02
   0  0   1.88e-02
   0  0   1.88e-02
   0  0   1.87e-02
   0  0   1.87e-02
   0  0   1.87e-02
   0  0   1.87e-02
   0  0   1.87e-02
   0  0   1.86e-02
   0  0   1.85e-02
   0  0   1.84e-02
   0  0   1.82e-02
   0  0   1.78e-02
   0  0   1.72e-02
   0  0   1.65e-02
   0  0   1.56e-02
   0  0   1.39e-02
   0  0   1.15e-02
   0  0   9.13e-03
   0  0   7.03e-03
   0  0   5.17e-03
   0  0   3.74e-03
   0  0   2.68e-03
   1  5   1.83e-01
   0  0   1.83e-01
   0  0   1.83e-01
   0  0   1.83e-01
   0  0   1.83e-01
   0  0   1.82e-01
   0  0   1.82e-01
   0  0   1.81e-01
   0  0   1.79e-01
   0  0   1.77e-01
   0  0   1.73e-01
   0  0   1.67e-01
   0  0   1.56e-01
   0  0   1.42e-01
   0  0   1.27e-01
   0  0   1.15e-01
   0  0   1.00e-01
   0  0   8.33e-02
   0  0   6.70e-02
   0  0   5.23e-02
   0  0   4.01e-02
   0  0   3.13e-02
   0  0   2.59e-02
   2  3   3.20e+00
   0  0   3.20e+00
   0  0   3.20e+00
   0  0   3.20e+00
   0  0   3.20e+00
   0  0   3.21e+00
   0  0   3.21e+00
   0  0   3.21e+00
   0  0   3.21e+00
   0  0   3.22e+00
   0  0   3.23e+00
   0  0   3.26e+00
   0  0   3.31e+00
   0  0   3.37e+00
   0  0   3.36e+00
   0  0   3.08e+00
   0  0   2.63e+00
   0  0   2.09e+00
   0  0   1.58e+00
   0  0   1.14e+00
   0  0   8.13e-01
   0  0   5.69e-01
   0  0   3.95e-01
   2  4   5.38e-01
   0  0   5.38e-01
   0  0   5.38e-01
   0  0   5.38e-01
   0  0   5.38e-01
   0  0   5.38e-01
   0  0   5.37e-01
   0  0   5.37e-01
   0  0   5.36e-01
   0  0   5.34e-01
   0  0   5.32e-01
   0  0   5.28e-01
   0  0   5.23e-01
   0  0   5.15e-01
   0  0   4.96e-01
   0  0   4.53e-01
   0  0   3.89e-01
   0  0   3.14e-01
   0  0   2.43e-01
   0  0   1.84e-01
   0  0   1.35e-01
   0  0   9.85e-02
   0  0   7.24e-02
   2  5   1.69e+00
   0  0   1.69e+00
   0  0   1.69e+00
   0  0   1.69e+00
   0  0   1.69e+00
   0  0   1.69e+00
   0  0   1.68e+00
   0  0   1.68e+00
   0  0   1.68e+00
   0  0   1.68e+00
   0  0   1.67e+00
   0  0   1.66e+00
   0  0   1.66e+00
   0  0   1.64e+00
   0  0   1.58e+00
   0  0   1.40e+00
   0  0   1.18e+00
   0  0   9.45e-01
   0  0   7.19e-01
   0  0   5.29e-01
   0  0   3.88e-01
   0  0   2.82e-01
   0  0   2.05e-01
   3  4   6.69e-01
   0  0   6.69e-01
   0  0   6.68e-01
   0  0   6.68e-01
   0  0   6.67e-01
   0  0   6.66e-01
   0  0   6.64e-01
   0  0   6.62e-01
   0  0   6.57e-01
   0  0   6.50e-01
   0  0   6.39e-01
   0  0   6.20e-01
   0  0   5.89e-01
   0  0   5.43e-01
   0  0   4.86e-01
   0  0   4.33e-01
   0  0   3.67e-01
   0  0   2.90e-01
   0  0   2.24e-01
   0  0   1.71e-01
   0  0   1.26e-01
   0  0   9.18e-02
   0  0   6.69e-02
   3  5   2.31e+00
   0  0   2.31e+00
   0  0   2.31e+00
   0  0   2.31e+00
   0  0   2.31e+00
   0  0   2.30e+00
   0  0   2.30e+00
   0  0   2.29e+00
   0  0   2.27e+00
   0  0   2.24e+00
   0  0   2.20e+00
   0  0   2.12e+00
   0  0   1.99e+00
   0  0   1.80e+00
   0  0   1.59e+00
   0  0   1.45e+00
   0  0   1.26e+00
   0  0   9.87e-01
   0  0   7.52e-01
   0  0   5.63e-01
   0  0   4.01e-01
   0  0   2.82e-01
   0  0   1.99e-01
   4  5   1.05e+00
   0  0   1.05e+00
   0  0   1.05e+00
   0  0   1.05e+00
   0  0   1.05e+00
   0  0   1.06e+00
   0  0   1.06e+00
   0  0   1.06e+00
   0  0   1.07e+00
   0  0   1.08e+00
   0  0   1.09e+00
   0  0   1.13e+00
   0  0   1.18e+00
   0  0   1.26e+00
   0  0   1.29e+00
   0  0   1.16e+00
   0  0   9.72e-01
   0  0   7.83e-01
   0  0   5.81e-01
   0  0   4.06e-01
   0  0   2.84e-01
   0  0   1.94e-01
   0  0   1.31e-01
 0 0 0
   1  2   7.080e+03
   1  3   1.030e+11
   1  4   0.000e+00
   1  5   2.150e+11
   2  3   0.000e+00
   2  4   3.350e-03
   2  5   0.000e+00
   3  4   1.290e+02
   3  5   0.000e+00
   4  5   0.000e+00
   1  1          0.0
   2  5    2399168.2
   3  3    2406855.2
   4  1    2422630.0
   5  3    2430137.2
