77
** Atomic data from version 10.1 of the CHIANTI database **
%filename:  n_6.elvlc
Theoretical energy levels:  Autostructure calculation
A Breit-Pauli distorted wave implementation for AUTOSTRUCTURE
Badnell, N.R., 2011, Computer Physics Communications, 182, 1528
ADSref:  http://adsabs.harvard.edu/abs/2011CoPhC.182.1528B
Yerokhin, V. A.; Surzhykov, A.
Theoretical Energy Levels of 1sns and 1snp States of Helium-Like Ions
Journal of Physical and Chemical Reference Data, Volume 48, Issue 3, id.033104 (2019)
ADSref:  https://ui.adsabs.harvard.edu/abs/2019JPCRD..48c3104Y/abstract
Observed energies of bound levels:
Observed energy levels:  Kramida, A., Ralchenko, Yu., Reader, J., and NIST ASD Team (2018).
NIST Atomic Spectra Database (ver. 5.0), [Online]. Available: http://physics.nist.gov/asd [Tue Feb 20 2018].
National Institute of Standards and Technology, Gaithersburg, MD.
Theoretical energies for n=2, 3 above IP
Goryaev, F. F.; Vainshtein, L. A.; Urnov, A. M.
Atomic data for doubly-excited states 2lnl of He-like ions and 1s2lnl of Li-like ions with Z = 6-36 and n = 2 , 3
2017, ADNDT, 113, 117-257
adsRef:  http://adsabs.harvard.edu/abs/2017ADNDT.113..117G
DOI:  10.1016/j.adt.2016.04.002
Theoretical energy levels (n=4,5 above IP):
calculations of U. Safronova reported in Kato et al., 1997, ADNDT, 67, 225.
ADS http://adsabs.harvard.edu/abs/1997ADNDT..67..225K
updated by U. Safronova, 2001, private communication
theoretical energy levels adjusted by SHFTIC file derived from
Yerokhin, Goryaev (n=2, 3 above IP) and Safronova (n= 4,5,6 above IP energies
produced as a part of the 'CHIANTI' atomic database for astrophysical spectroscopy
K. Dere (GMU) - 2020 June 13
%filename: n_6.wgfa
%filename:  n_6.wgfa
heoretical gf and A-values:  Autostructure calculation
A Breit-Pauli distorted wave implementation for AUTOSTRUCTURE
Badnell, N.R., 2011, Computer Physics Communications, 182, 1528
ADSref:  http://adsabs.harvard.edu/abs/2011CoPhC.182.1528B
Observed energy levels (1s2s, 1s2p):  Artemyev, A. N.; Shabaev, V. M.; Yerokhin, V. A.; Plunien, G.; Soff, G., 2005, Phys. Rev. A, 72, 2104
ADSref:  http://adsabs.harvard.edu/abs/2005PhRvA..71f2104A
Observed energies of bound levels:
Kramida, A., Ralchenko, Yu., Reader, J., and NIST ASD Team (2019). NIST Atomic Spectra Database (ver. 5.7.1), [Online].
Available: https://physics.nist.gov/asd [2020, March 2].
National Institute of Standards and Technology, Gaithersburg, MD. DOI: https://doi.org/10.18434/T4W30F
taken from R. L. Kelly, J. Phys. Chem. Ref. Data 16, Suppl. 1, 1-1698 (1987); Erratum: 17, 953 (1998)
Theoretical energies for n=2, 3 above IP
Goryaev, F. F.; Vainshtein, L. A.; Urnov, A. M.
Atomic data for doubly-excited states 2lnl of He-like ions and 1s2lnl of Li-like ions with Z = 6-36 and n = 2 , 3
2017, ADNDT, 113, 117-257
adsRef:  http://adsabs.harvard.edu/abs/2017ADNDT.113..117G
DOI:  10.1016/j.adt.2016.04.002
Theoretical energy levels (n=4,5 above IP):
calculations of U. Safronova reported in Kato et al., 1997, ADNDT, 67, 225.
ADS http://adsabs.harvard.edu/abs/1997ADNDT..67..225K
updated by U. Safronova, 2001, private communication
theoretical energy levels adjusted by SHFTIC file derived from
Artemyev, Goryaev (n=2, 3 above IP) and Safronova (n= 4,5,6 above IP energies
two-photon A-value:  Derevianko, A.; Johnson, W. R., 1997, Phys Rev A, 56, 1288
 Two-photon decay of 2 1S0 and 2 3S1 states of heliumlike ions
 ADSref:  https://ui.adsabs.harvard.edu/abs/1997PhRvA..56.1288D/abstract
 wavelengths determined from energy levels
  minimum branching ratio =   1.00e-04
sorted by lvl12
elvlcName = n_6.elvlc
 wgfaName = n_6.wgfa-srt
 allWvl =   1
 minDiff =      0.00010
 outfile = n_6.wgfa.olg.imp
produced as a part of the 'CHIANTI' atomic database for astrophysical spectroscopy
 K. Dere (GMU) - 2020 June 13
%filename: n_6.scups
filename: n_6.ups
Whiteford, A. D.; Badnell, N. R.; Ballance, C. P.; O'Mullane, M. G.; Summers, H. P.; Thomas, A. L.
A radiation-damped <B>R</B>-matrix approach to the electron-impact excitation of helium-like ions for diagnostic application to fusion and astrophysical plasmas
adsRef:  http://adsabs.harvard.edu/abs/2001JPhB...34.3179W
DOI:  http://dx.doi.org/10.1088/0953-4075/34/15/320
produced as a part of the 'CHIANTI' atomic database for astrophysical spectroscopy
K. Dere (GMU) - 2020 March 11
collision strengths provided in the range   7.20e+03 to   7.20e+07 K
produced as a part of the 'CHIANTI' atomic database for astrophysical spectroscopy
K. Dere (GMU) - 2020 March 11
15 23
   1  1s2 1S0       
   2  1s.2s 3S1     
   3  1s.2p 3P0     
   4  1s.2p 3P1     
   5  1s.2p 3P2     
   6  1s.2s 1S0     
   7  1s.2p 1P1     
   8  1s.3s 3S1     
   9  1s.3p 3P0     
  10  1s.3p 3P1     
  11  1s.3p 3P2     
  12  1s.3s 1S0     
  13  1s.3d 3D1     
  14  1s.3d 3D2     
  15  1s.3d 3D3     
     100.0
     158.5
     251.2
     398.1
     631.0
    1000.0
    1584.9
    2511.9
    3981.1
    6309.6
   10000.0
   15848.9
   25118.9
   39810.7
   63095.7
  100000.0
  158489.3
  251188.6
  398107.2
  630957.3
 1000000.0
 1584893.2
 2511886.4
0
   1  2   1.40e-02
   0  0   1.40e-02
   0  0   1.41e-02
   0  0   1.41e-02
   0  0   1.43e-02
   0  0   1.46e-02
   0  0   1.50e-02
   0  0   1.58e-02
   0  0   1.72e-02
   0  0   1.96e-02
   0  0   2.35e-02
   0  0   2.89e-02
   0  0   3.28e-02
   0  0   3.20e-02
   0  0   2.87e-02
   0  0   2.40e-02
   0  0   1.94e-02
   0  0   1.56e-02
   0  0   1.27e-02
   0  0   1.04e-02
   0  0   8.53e-03
   0  0   6.96e-03
   0  0   5.64e-03
   1  3   3.50e-03
   0  0   3.50e-03
   0  0   3.50e-03
   0  0   3.50e-03
   0  0   3.50e-03
   0  0   3.50e-03
   0  0   3.51e-03
   0  0   3.51e-03
   0  0   3.52e-03
   0  0   3.54e-03
   0  0   3.58e-03
   0  0   3.62e-03
   0  0   3.59e-03
   0  0   3.46e-03
   0  0   3.34e-03
   0  0   3.26e-03
   0  0   3.21e-03
   0  0   3.18e-03
   0  0   3.12e-03
   0  0   2.99e-03
   0  0   2.79e-03
   0  0   2.52e-03
   0  0   2.19e-03
   1  4   1.07e-02
   0  0   1.07e-02
   0  0   1.07e-02
   0  0   1.07e-02
   0  0   1.07e-02
   0  0   1.07e-02
   0  0   1.07e-02
   0  0   1.07e-02
   0  0   1.08e-02
   0  0   1.08e-02
   0  0   1.08e-02
   0  0   1.09e-02
   0  0   1.08e-02
   0  0   1.04e-02
   0  0   1.00e-02
   0  0   9.74e-03
   0  0   9.62e-03
   0  0   9.56e-03
   0  0   9.38e-03
   0  0   8.99e-03
   0  0   8.37e-03
   0  0   7.55e-03
   0  0   6.58e-03
   1  5   1.80e-02
   0  0   1.80e-02
   0  0   1.80e-02
   0  0   1.80e-02
   0  0   1.80e-02
   0  0   1.80e-02
   0  0   1.80e-02
   0  0   1.80e-02
   0  0   1.80e-02
   0  0   1.81e-02
   0  0   1.82e-02
   0  0   1.82e-02
   0  0   1.80e-02
   0  0   1.73e-02
   0  0   1.67e-02
   0  0   1.62e-02
   0  0   1.60e-02
   0  0   1.59e-02
   0  0   1.56e-02
   0  0   1.49e-02
   0  0   1.40e-02
   0  0   1.26e-02
   0  0   1.10e-02
   1  6   1.97e-02
   0  0   1.97e-02
   0  0   1.97e-02
   0  0   1.97e-02
   0  0   1.96e-02
   0  0   1.96e-02
   0  0   1.94e-02
   0  0   1.92e-02
   0  0   1.89e-02
   0  0   1.83e-02
   0  0   1.74e-02
   0  0   1.60e-02
   0  0   1.45e-02
   0  0   1.31e-02
   0  0   1.18e-02
   0  0   1.08e-02
   0  0   1.04e-02
   0  0   1.01e-02
   0  0   9.98e-03
   0  0   9.98e-03
   0  0   1.01e-02
   0  0   1.04e-02
   0  0   1.09e-02
   1  7   2.22e-02
   0  0   2.22e-02
   0  0   2.22e-02
   0  0   2.22e-02
   0  0   2.22e-02
   0  0   2.22e-02
   0  0   2.22e-02
   0  0   2.23e-02
   0  0   2.23e-02
   0  0   2.23e-02
   0  0   2.23e-02
   0  0   2.24e-02
   0  0   2.25e-02
   0  0   2.26e-02
   0  0   2.30e-02
   0  0   2.36e-02
   0  0   2.47e-02
   0  0   2.62e-02
   0  0   2.81e-02
   0  0   3.07e-02
   0  0   3.45e-02
   0  0   4.01e-02
   0  0   4.83e-02
   1  8   1.28e-02
   0  0   1.28e-02
   0  0   1.28e-02
   0  0   1.27e-02
   0  0   1.27e-02
   0  0   1.26e-02
   0  0   1.25e-02
   0  0   1.23e-02
   0  0   1.20e-02
   0  0   1.16e-02
   0  0   1.08e-02
   0  0   9.68e-03
   0  0   8.15e-03
   0  0   6.52e-03
   0  0   5.26e-03
   0  0   4.36e-03
   0  0   3.63e-03
   0  0   3.05e-03
   0  0   2.57e-03
   0  0   2.18e-03
   0  0   1.84e-03
   0  0   1.54e-03
   0  0   1.29e-03
   1  9   4.36e-03
   0  0   4.36e-03
   0  0   4.35e-03
   0  0   4.34e-03
   0  0   4.33e-03
   0  0   4.30e-03
   0  0   4.27e-03
   0  0   4.20e-03
   0  0   4.10e-03
   0  0   3.91e-03
   0  0   3.61e-03
   0  0   3.18e-03
   0  0   2.77e-03
   0  0   2.55e-03
   0  0   2.40e-03
   0  0   2.30e-03
   0  0   2.23e-03
   0  0   2.16e-03
   0  0   2.10e-03
   0  0   2.08e-03
   0  0   2.09e-03
   0  0   2.15e-03
   0  0   2.25e-03
   1 10   1.44e-03
   0  0   1.44e-03
   0  0   1.44e-03
   0  0   1.44e-03
   0  0   1.43e-03
   0  0   1.43e-03
   0  0   1.41e-03
   0  0   1.39e-03
   0  0   1.36e-03
   0  0   1.31e-03
   0  0   1.23e-03
   0  0   1.11e-03
   0  0   9.92e-04
   0  0   9.30e-04
   0  0   8.83e-04
   0  0   8.47e-04
   0  0   8.27e-04
   0  0   8.05e-04
   0  0   7.73e-04
   0  0   7.35e-04
   0  0   6.88e-04
   0  0   6.24e-04
   0  0   5.47e-04
   1 11   4.43e-03
   0  0   4.43e-03
   0  0   4.43e-03
   0  0   4.42e-03
   0  0   4.41e-03
   0  0   4.39e-03
   0  0   4.35e-03
   0  0   4.29e-03
   0  0   4.20e-03
   0  0   4.04e-03
   0  0   3.78e-03
   0  0   3.40e-03
   0  0   3.03e-03
   0  0   2.82e-03
   0  0   2.67e-03
   0  0   2.55e-03
   0  0   2.49e-03
   0  0   2.42e-03
   0  0   2.32e-03
   0  0   2.21e-03
   0  0   2.06e-03
   0  0   1.87e-03
   0  0   1.64e-03
   1 12   7.05e-03
   0  0   7.04e-03
   0  0   7.04e-03
   0  0   7.02e-03
   0  0   7.00e-03
   0  0   6.97e-03
   0  0   6.92e-03
   0  0   6.83e-03
   0  0   6.68e-03
   0  0   6.44e-03
   0  0   6.06e-03
   0  0   5.50e-03
   0  0   4.95e-03
   0  0   4.62e-03
   0  0   4.40e-03
   0  0   4.25e-03
   0  0   4.15e-03
   0  0   4.03e-03
   0  0   3.87e-03
   0  0   3.68e-03
   0  0   3.45e-03
   0  0   3.13e-03
   0  0   2.74e-03
   1 13   6.01e-04
   0  0   6.01e-04
   0  0   6.00e-04
   0  0   6.00e-04
   0  0   5.98e-04
   0  0   5.96e-04
   0  0   5.93e-04
   0  0   5.87e-04
   0  0   5.77e-04
   0  0   5.60e-04
   0  0   5.32e-04
   0  0   4.91e-04
   0  0   4.59e-04
   0  0   4.55e-04
   0  0   4.68e-04
   0  0   4.81e-04
   0  0   4.76e-04
   0  0   4.49e-04
   0  0   4.05e-04
   0  0   3.56e-04
   0  0   3.06e-04
   0  0   2.56e-04
   0  0   2.07e-04
   1 14   1.00e-03
   0  0   1.00e-03
   0  0   1.00e-03
   0  0   1.00e-03
   0  0   1.00e-03
   0  0   9.96e-04
   0  0   9.91e-04
   0  0   9.81e-04
   0  0   9.64e-04
   0  0   9.35e-04
   0  0   8.88e-04
   0  0   8.21e-04
   0  0   7.66e-04
   0  0   7.61e-04
   0  0   7.83e-04
   0  0   8.04e-04
   0  0   7.97e-04
   0  0   7.51e-04
   0  0   6.78e-04
   0  0   5.96e-04
   0  0   5.12e-04
   0  0   4.29e-04
   0  0   3.48e-04
   1 15   1.43e-03
   0  0   1.42e-03
   0  0   1.42e-03
   0  0   1.42e-03
   0  0   1.42e-03
   0  0   1.41e-03
   0  0   1.40e-03
   0  0   1.39e-03
   0  0   1.36e-03
   0  0   1.32e-03
   0  0   1.25e-03
   0  0   1.15e-03
   0  0   1.07e-03
   0  0   1.06e-03
   0  0   1.10e-03
   0  0   1.13e-03
   0  0   1.11e-03
   0  0   1.05e-03
   0  0   9.47e-04
   0  0   8.32e-04
   0  0   7.16e-04
   0  0   5.98e-04
   0  0   4.85e-04
   2  3   9.82e-01
   0  0   9.82e-01
   0  0   9.82e-01
   0  0   9.82e-01
   0  0   9.83e-01
   0  0   9.83e-01
   0  0   9.83e-01
   0  0   9.84e-01
   0  0   9.85e-01
   0  0   9.86e-01
   0  0   9.89e-01
   0  0   9.93e-01
   0  0   1.00e+00
   0  0   1.01e+00
   0  0   1.03e+00
   0  0   1.06e+00
   0  0   1.10e+00
   0  0   1.15e+00
   0  0   1.23e+00
   0  0   1.31e+00
   0  0   1.41e+00
   0  0   1.53e+00
   0  0   1.67e+00
   2  4   2.96e+00
   0  0   2.96e+00
   0  0   2.96e+00
   0  0   2.96e+00
   0  0   2.96e+00
   0  0   2.96e+00
   0  0   2.96e+00
   0  0   2.96e+00
   0  0   2.96e+00
   0  0   2.97e+00
   0  0   2.98e+00
   0  0   2.99e+00
   0  0   3.01e+00
   0  0   3.04e+00
   0  0   3.09e+00
   0  0   3.17e+00
   0  0   3.29e+00
   0  0   3.46e+00
   0  0   3.67e+00
   0  0   3.93e+00
   0  0   4.24e+00
   0  0   4.60e+00
   0  0   5.01e+00
   2  5   4.92e+00
   0  0   4.92e+00
   0  0   4.92e+00
   0  0   4.92e+00
   0  0   4.92e+00
   0  0   4.92e+00
   0  0   4.92e+00
   0  0   4.92e+00
   0  0   4.93e+00
   0  0   4.94e+00
   0  0   4.95e+00
   0  0   4.97e+00
   0  0   5.01e+00
   0  0   5.06e+00
   0  0   5.15e+00
   0  0   5.28e+00
   0  0   5.49e+00
   0  0   5.76e+00
   0  0   6.11e+00
   0  0   6.54e+00
   0  0   7.05e+00
   0  0   7.66e+00
   0  0   8.35e+00
   2  6   1.05e-01
   0  0   1.05e-01
   0  0   1.05e-01
   0  0   1.05e-01
   0  0   1.05e-01
   0  0   1.04e-01
   0  0   1.04e-01
   0  0   1.03e-01
   0  0   1.02e-01
   0  0   1.00e-01
   0  0   9.72e-02
   0  0   9.27e-02
   0  0   8.68e-02
   0  0   8.04e-02
   0  0   7.46e-02
   0  0   7.12e-02
   0  0   7.11e-02
   0  0   7.14e-02
   0  0   6.87e-02
   0  0   6.29e-02
   0  0   5.47e-02
   0  0   4.58e-02
   0  0   3.73e-02
   2  7   1.04e-01
   0  0   1.04e-01
   0  0   1.04e-01
   0  0   1.04e-01
   0  0   1.04e-01
   0  0   1.04e-01
   0  0   1.04e-01
   0  0   1.04e-01
   0  0   1.04e-01
   0  0   1.04e-01
   0  0   1.04e-01
   0  0   1.04e-01
   0  0   1.03e-01
   0  0   1.02e-01
   0  0   1.06e-01
   0  0   1.16e-01
   0  0   1.29e-01
   0  0   1.39e-01
   0  0   1.36e-01
   0  0   1.23e-01
   0  0   1.03e-01
   0  0   8.11e-02
   0  0   6.12e-02
   2  8   6.34e-01
   0  0   6.33e-01
   0  0   6.33e-01
   0  0   6.32e-01
   0  0   6.30e-01
   0  0   6.28e-01
   0  0   6.23e-01
   0  0   6.17e-01
   0  0   6.06e-01
   0  0   5.89e-01
   0  0   5.61e-01
   0  0   5.18e-01
   0  0   4.62e-01
   0  0   4.00e-01
   0  0   3.52e-01
   0  0   3.17e-01
   0  0   2.94e-01
   0  0   2.79e-01
   0  0   2.72e-01
   0  0   2.71e-01
   0  0   2.75e-01
   0  0   2.83e-01
   0  0   2.94e-01
   2  9   5.62e-02
   0  0   5.61e-02
   0  0   5.60e-02
   0  0   5.58e-02
   0  0   5.54e-02
   0  0   5.48e-02
   0  0   5.38e-02
   0  0   5.22e-02
   0  0   4.96e-02
   0  0   4.54e-02
   0  0   3.89e-02
   0  0   3.05e-02
   0  0   2.31e-02
   0  0   1.89e-02
   0  0   1.59e-02
   0  0   1.37e-02
   0  0   1.20e-02
   0  0   1.01e-02
   0  0   8.28e-03
   0  0   6.59e-03
   0  0   5.14e-03
   0  0   3.90e-03
   0  0   2.90e-03
   2 10   8.38e-02
   0  0   8.37e-02
   0  0   8.35e-02
   0  0   8.33e-02
   0  0   8.28e-02
   0  0   8.22e-02
   0  0   8.11e-02
   0  0   7.93e-02
   0  0   7.63e-02
   0  0   7.13e-02
   0  0   6.35e-02
   0  0   5.27e-02
   0  0   4.31e-02
   0  0   3.83e-02
   0  0   3.45e-02
   0  0   3.19e-02
   0  0   3.10e-02
   0  0   3.09e-02
   0  0   3.19e-02
   0  0   3.48e-02
   0  0   4.00e-02
   0  0   4.82e-02
   0  0   5.97e-02
   2 11   2.50e-01
   0  0   2.50e-01
   0  0   2.49e-01
   0  0   2.48e-01
   0  0   2.47e-01
   0  0   2.45e-01
   0  0   2.42e-01
   0  0   2.37e-01
   0  0   2.28e-01
   0  0   2.14e-01
   0  0   1.91e-01
   0  0   1.59e-01
   0  0   1.31e-01
   0  0   1.16e-01
   0  0   1.04e-01
   0  0   9.56e-02
   0  0   9.31e-02
   0  0   9.28e-02
   0  0   9.57e-02
   0  0   1.04e-01
   0  0   1.20e-01
   0  0   1.44e-01
   0  0   1.79e-01
   2 12   3.98e-01
   0  0   3.97e-01
   0  0   3.97e-01
   0  0   3.95e-01
   0  0   3.94e-01
   0  0   3.91e-01
   0  0   3.86e-01
   0  0   3.78e-01
   0  0   3.64e-01
   0  0   3.42e-01
   0  0   3.08e-01
   0  0   2.59e-01
   0  0   2.14e-01
   0  0   1.90e-01
   0  0   1.71e-01
   0  0   1.59e-01
   0  0   1.54e-01
   0  0   1.54e-01
   0  0   1.59e-01
   0  0   1.73e-01
   0  0   1.99e-01
   0  0   2.40e-01
   0  0   2.98e-01
   2 13   7.65e-02
   0  0   7.65e-02
   0  0   7.65e-02
   0  0   7.66e-02
   0  0   7.66e-02
   0  0   7.66e-02
   0  0   7.67e-02
   0  0   7.67e-02
   0  0   7.68e-02
   0  0   7.70e-02
   0  0   7.73e-02
   0  0   7.78e-02
   0  0   7.88e-02
   0  0   8.08e-02
   0  0   8.37e-02
   0  0   8.70e-02
   0  0   9.03e-02
   0  0   9.40e-02
   0  0   9.93e-02
   0  0   1.07e-01
   0  0   1.17e-01
   0  0   1.29e-01
   0  0   1.43e-01
   2 14   1.27e-01
   0  0   1.27e-01
   0  0   1.27e-01
   0  0   1.27e-01
   0  0   1.27e-01
   0  0   1.27e-01
   0  0   1.27e-01
   0  0   1.27e-01
   0  0   1.27e-01
   0  0   1.28e-01
   0  0   1.28e-01
   0  0   1.30e-01
   0  0   1.32e-01
   0  0   1.35e-01
   0  0   1.40e-01
   0  0   1.45e-01
   0  0   1.50e-01
   0  0   1.57e-01
   0  0   1.65e-01
   0  0   1.78e-01
   0  0   1.95e-01
   0  0   2.16e-01
   0  0   2.39e-01
   2 15   1.77e-01
   0  0   1.77e-01
   0  0   1.77e-01
   0  0   1.77e-01
   0  0   1.77e-01
   0  0   1.77e-01
   0  0   1.77e-01
   0  0   1.78e-01
   0  0   1.78e-01
   0  0   1.79e-01
   0  0   1.80e-01
   0  0   1.81e-01
   0  0   1.84e-01
   0  0   1.88e-01
   0  0   1.95e-01
   0  0   2.04e-01
   0  0   2.11e-01
   0  0   2.19e-01
   0  0   2.32e-01
   0  0   2.50e-01
   0  0   2.74e-01
   0  0   3.03e-01
   0  0   3.36e-01
   3  4   1.90e-01
   0  0   1.90e-01
   0  0   1.90e-01
   0  0   1.90e-01
   0  0   1.90e-01
   0  0   1.90e-01
   0  0   1.90e-01
   0  0   1.91e-01
   0  0   1.92e-01
   0  0   1.93e-01
   0  0   1.96e-01
   0  0   1.99e-01
   0  0   2.00e-01
   0  0   1.95e-01
   0  0   1.90e-01
   0  0   1.88e-01
   0  0   1.91e-01
   0  0   1.94e-01
   0  0   1.90e-01
   0  0   1.76e-01
   0  0   1.54e-01
   0  0   1.28e-01
   0  0   1.03e-01
   3  5   1.68e-01
   0  0   1.68e-01
   0  0   1.68e-01
   0  0   1.68e-01
   0  0   1.68e-01
   0  0   1.67e-01
   0  0   1.67e-01
   0  0   1.67e-01
   0  0   1.67e-01
   0  0   1.66e-01
   0  0   1.66e-01
   0  0   1.64e-01
   0  0   1.62e-01
   0  0   1.59e-01
   0  0   1.57e-01
   0  0   1.61e-01
   0  0   1.70e-01
   0  0   1.80e-01
   0  0   1.84e-01
   0  0   1.79e-01
   0  0   1.68e-01
   0  0   1.55e-01
   0  0   1.44e-01
   3  6   4.15e-02
   0  0   4.15e-02
   0  0   4.14e-02
   0  0   4.13e-02
   0  0   4.11e-02
   0  0   4.09e-02
   0  0   4.05e-02
   0  0   3.98e-02
   0  0   3.86e-02
   0  0   3.68e-02
   0  0   3.39e-02
   0  0   2.98e-02
   0  0   2.57e-02
   0  0   2.25e-02
   0  0   1.95e-02
   0  0   1.76e-02
   0  0   1.73e-02
   0  0   1.72e-02
   0  0   1.64e-02
   0  0   1.47e-02
   0  0   1.22e-02
   0  0   9.55e-03
   0  0   7.15e-03
   3  7   6.64e-02
   0  0   6.64e-02
   0  0   6.64e-02
   0  0   6.64e-02
   0  0   6.64e-02
   0  0   6.63e-02
   0  0   6.63e-02
   0  0   6.62e-02
   0  0   6.61e-02
   0  0   6.59e-02
   0  0   6.56e-02
   0  0   6.51e-02
   0  0   6.42e-02
   0  0   6.31e-02
   0  0   6.35e-02
   0  0   6.71e-02
   0  0   7.41e-02
   0  0   7.94e-02
   0  0   7.84e-02
   0  0   7.14e-02
   0  0   6.05e-02
   0  0   4.85e-02
   0  0   3.74e-02
   3  8   2.33e-01
   0  0   2.33e-01
   0  0   2.33e-01
   0  0   2.32e-01
   0  0   2.31e-01
   0  0   2.30e-01
   0  0   2.28e-01
   0  0   2.25e-01
   0  0   2.20e-01
   0  0   2.13e-01
   0  0   2.02e-01
   0  0   1.85e-01
   0  0   1.57e-01
   0  0   1.20e-01
   0  0   8.99e-02
   0  0   6.75e-02
   0  0   5.02e-02
   0  0   3.78e-02
   0  0   2.92e-02
   0  0   2.33e-02
   0  0   1.97e-02
   0  0   1.81e-02
   0  0   1.82e-02
   3  9   3.08e-02
   0  0   3.08e-02
   0  0   3.07e-02
   0  0   3.06e-02
   0  0   3.04e-02
   0  0   3.01e-02
   0  0   2.97e-02
   0  0   2.89e-02
   0  0   2.76e-02
   0  0   2.56e-02
   0  0   2.24e-02
   0  0   1.81e-02
   0  0   1.40e-02
   0  0   1.13e-02
   0  0   9.32e-03
   0  0   7.85e-03
   0  0   6.70e-03
   0  0   5.60e-03
   0  0   4.52e-03
   0  0   3.55e-03
   0  0   2.73e-03
   0  0   2.03e-03
   0  0   1.46e-03
   3 10   1.56e-01
   0  0   1.55e-01
   0  0   1.55e-01
   0  0   1.55e-01
   0  0   1.55e-01
   0  0   1.54e-01
   0  0   1.52e-01
   0  0   1.50e-01
   0  0   1.46e-01
   0  0   1.40e-01
   0  0   1.29e-01
   0  0   1.13e-01
   0  0   9.96e-02
   0  0   9.26e-02
   0  0   8.67e-02
   0  0   8.25e-02
   0  0   8.12e-02
   0  0   8.12e-02
   0  0   8.24e-02
   0  0   8.51e-02
   0  0   8.89e-02
   0  0   9.33e-02
   0  0   9.83e-02
   3 11   1.27e-01
   0  0   1.27e-01
   0  0   1.27e-01
   0  0   1.26e-01
   0  0   1.26e-01
   0  0   1.25e-01
   0  0   1.23e-01
   0  0   1.20e-01
   0  0   1.15e-01
   0  0   1.07e-01
   0  0   9.39e-02
   0  0   7.50e-02
   0  0   5.71e-02
   0  0   4.68e-02
   0  0   3.83e-02
   0  0   3.18e-02
   0  0   2.74e-02
   0  0   2.34e-02
   0  0   1.94e-02
   0  0   1.58e-02
   0  0   1.27e-02
   0  0   9.96e-03
   0  0   7.63e-03
   3 12   1.62e-01
   0  0   1.62e-01
   0  0   1.62e-01
   0  0   1.61e-01
   0  0   1.61e-01
   0  0   1.59e-01
   0  0   1.57e-01
   0  0   1.54e-01
   0  0   1.47e-01
   0  0   1.37e-01
   0  0   1.20e-01
   0  0   9.61e-02
   0  0   7.30e-02
   0  0   5.91e-02
   0  0   4.82e-02
   0  0   4.02e-02
   0  0   3.51e-02
   0  0   3.08e-02
   0  0   2.68e-02
   0  0   2.39e-02
   0  0   2.18e-02
   0  0   2.07e-02
   0  0   2.03e-02
   3 13   2.51e-01
   0  0   2.51e-01
   0  0   2.51e-01
   0  0   2.51e-01
   0  0   2.52e-01
   0  0   2.52e-01
   0  0   2.53e-01
   0  0   2.54e-01
   0  0   2.56e-01
   0  0   2.59e-01
   0  0   2.64e-01
   0  0   2.71e-01
   0  0   2.77e-01
   0  0   2.81e-01
   0  0   2.87e-01
   0  0   2.96e-01
   0  0   3.10e-01
   0  0   3.31e-01
   0  0   3.63e-01
   0  0   4.09e-01
   0  0   4.72e-01
   0  0   5.55e-01
   0  0   6.60e-01
   3 14   7.03e-02
   0  0   7.03e-02
   0  0   7.02e-02
   0  0   7.01e-02
   0  0   6.99e-02
   0  0   6.96e-02
   0  0   6.91e-02
   0  0   6.84e-02
   0  0   6.71e-02
   0  0   6.51e-02
   0  0   6.19e-02
   0  0   5.72e-02
   0  0   5.24e-02
   0  0   4.90e-02
   0  0   4.71e-02
   0  0   4.56e-02
   0  0   4.31e-02
   0  0   3.93e-02
   0  0   3.43e-02
   0  0   2.89e-02
   0  0   2.35e-02
   0  0   1.83e-02
   0  0   1.38e-02
   3 15   6.42e-02
   0  0   6.42e-02
   0  0   6.41e-02
   0  0   6.40e-02
   0  0   6.38e-02
   0  0   6.35e-02
   0  0   6.30e-02
   0  0   6.22e-02
   0  0   6.07e-02
   0  0   5.83e-02
   0  0   5.42e-02
   0  0   4.86e-02
   0  0   4.35e-02
   0  0   4.15e-02
   0  0   4.07e-02
   0  0   4.02e-02
   0  0   3.89e-02
   0  0   3.65e-02
   0  0   3.34e-02
   0  0   3.05e-02
   0  0   2.79e-02
   0  0   2.60e-02
   0  0   2.48e-02
   4  5   1.25e+00
   0  0   1.25e+00
   0  0   1.26e+00
   0  0   1.27e+00
   0  0   1.29e+00
   0  0   1.35e+00
   0  0   1.45e+00
   0  0   1.67e+00
   0  0   2.07e+00
   0  0   2.71e+00
   0  0   3.56e+00
   0  0   4.38e+00
   0  0   4.72e+00
   0  0   4.45e+00
   0  0   3.79e+00
   0  0   3.03e+00
   0  0   2.36e+00
   0  0   1.84e+00
   0  0   1.44e+00
   0  0   1.13e+00
   0  0   8.99e-01
   0  0   7.21e-01
   0  0   5.89e-01
   4  6   1.24e-01
   0  0   1.24e-01
   0  0   1.23e-01
   0  0   1.23e-01
   0  0   1.23e-01
   0  0   1.22e-01
   0  0   1.21e-01
   0  0   1.19e-01
   0  0   1.15e-01
   0  0   1.10e-01
   0  0   1.02e-01
   0  0   8.96e-02
   0  0   7.72e-02
   0  0   6.77e-02
   0  0   5.88e-02
   0  0   5.30e-02
   0  0   5.20e-02
   0  0   5.20e-02
   0  0   4.97e-02
   0  0   4.43e-02
   0  0   3.69e-02
   0  0   2.91e-02
   0  0   2.20e-02
   4  7   2.00e-01
   0  0   2.00e-01
   0  0   2.00e-01
   0  0   2.00e-01
   0  0   2.00e-01
   0  0   2.00e-01
   0  0   2.00e-01
   0  0   1.99e-01
   0  0   1.99e-01
   0  0   1.98e-01
   0  0   1.97e-01
   0  0   1.96e-01
   0  0   1.93e-01
   0  0   1.89e-01
   0  0   1.91e-01
   0  0   2.02e-01
   0  0   2.22e-01
   0  0   2.38e-01
   0  0   2.36e-01
   0  0   2.14e-01
   0  0   1.81e-01
   0  0   1.46e-01
   0  0   1.12e-01
   4  8   6.38e-01
   0  0   6.38e-01
   0  0   6.37e-01
   0  0   6.36e-01
   0  0   6.34e-01
   0  0   6.30e-01
   0  0   6.25e-01
   0  0   6.17e-01
   0  0   6.06e-01
   0  0   5.88e-01
   0  0   5.63e-01
   0  0   5.21e-01
   0  0   4.46e-01
   0  0   3.39e-01
   0  0   2.56e-01
   0  0   1.94e-01
   0  0   1.44e-01
   0  0   1.09e-01
   0  0   8.50e-02
   0  0   6.84e-02
   0  0   5.83e-02
   0  0   5.40e-02
   0  0   5.43e-02
   4  9   9.32e-02
   0  0   9.31e-02
   0  0   9.29e-02
   0  0   9.26e-02
   0  0   9.22e-02
   0  0   9.14e-02
   0  0   9.02e-02
   0  0   8.81e-02
   0  0   8.46e-02
   0  0   7.85e-02
   0  0   6.86e-02
   0  0   5.45e-02
   0  0   4.14e-02
   0  0   3.39e-02
   0  0   2.79e-02
   0  0   2.32e-02
   0  0   1.99e-02
   0  0   1.68e-02
   0  0   1.35e-02
   0  0   1.06e-02
   0  0   8.15e-03
   0  0   6.08e-03
   0  0   4.40e-03
   4 10   1.45e-01
   0  0   1.45e-01
   0  0   1.44e-01
   0  0   1.44e-01
   0  0   1.43e-01
   0  0   1.41e-01
   0  0   1.39e-01
   0  0   1.35e-01
   0  0   1.28e-01
   0  0   1.17e-01
   0  0   1.01e-01
   0  0   7.90e-02
   0  0   5.99e-02
   0  0   4.82e-02
   0  0   3.92e-02
   0  0   3.27e-02
   0  0   2.79e-02
   0  0   2.36e-02
   0  0   1.96e-02
   0  0   1.60e-02
   0  0   1.28e-02
   0  0   1.00e-02
   0  0   7.68e-03
   4 11   7.02e-01
   0  0   7.01e-01
   0  0   7.00e-01
   0  0   6.98e-01
   0  0   6.96e-01
   0  0   6.92e-01
   0  0   6.85e-01
   0  0   6.73e-01
   0  0   6.53e-01
   0  0   6.18e-01
   0  0   5.63e-01
   0  0   4.83e-01
   0  0   4.09e-01
   0  0   3.66e-01
   0  0   3.32e-01
   0  0   3.07e-01
   0  0   2.93e-01
   0  0   2.86e-01
   0  0   2.84e-01
   0  0   2.86e-01
   0  0   2.93e-01
   0  0   3.04e-01
   0  0   3.16e-01
   4 12   5.54e-01
   0  0   5.53e-01
   0  0   5.52e-01
   0  0   5.51e-01
   0  0   5.48e-01
   0  0   5.43e-01
   0  0   5.36e-01
   0  0   5.24e-01
   0  0   5.02e-01
   0  0   4.66e-01
   0  0   4.07e-01
   0  0   3.24e-01
   0  0   2.45e-01
   0  0   1.98e-01
   0  0   1.61e-01
   0  0   1.33e-01
   0  0   1.15e-01
   0  0   9.99e-02
   0  0   8.56e-02
   0  0   7.42e-02
   0  0   6.55e-02
   0  0   5.93e-02
   0  0   5.55e-02
   4 13   2.84e-01
   0  0   2.84e-01
   0  0   2.84e-01
   0  0   2.84e-01
   0  0   2.84e-01
   0  0   2.84e-01
   0  0   2.84e-01
   0  0   2.84e-01
   0  0   2.84e-01
   0  0   2.83e-01
   0  0   2.82e-01
   0  0   2.81e-01
   0  0   2.80e-01
   0  0   2.78e-01
   0  0   2.80e-01
   0  0   2.85e-01
   0  0   2.92e-01
   0  0   3.02e-01
   0  0   3.19e-01
   0  0   3.46e-01
   0  0   3.86e-01
   0  0   4.42e-01
   0  0   5.14e-01
   4 14   6.46e-01
   0  0   6.46e-01
   0  0   6.46e-01
   0  0   6.46e-01
   0  0   6.46e-01
   0  0   6.47e-01
   0  0   6.48e-01
   0  0   6.49e-01
   0  0   6.51e-01
   0  0   6.55e-01
   0  0   6.62e-01
   0  0   6.71e-01
   0  0   6.80e-01
   0  0   6.84e-01
   0  0   6.96e-01
   0  0   7.16e-01
   0  0   7.45e-01
   0  0   7.89e-01
   0  0   8.56e-01
   0  0   9.55e-01
   0  0   1.09e+00
   0  0   1.28e+00
   0  0   1.51e+00
   4 15   2.26e-01
   0  0   2.26e-01
   0  0   2.26e-01
   0  0   2.26e-01
   0  0   2.25e-01
   0  0   2.24e-01
   0  0   2.22e-01
   0  0   2.20e-01
   0  0   2.15e-01
   0  0   2.08e-01
   0  0   1.96e-01
   0  0   1.78e-01
   0  0   1.62e-01
   0  0   1.53e-01
   0  0   1.49e-01
   0  0   1.46e-01
   0  0   1.39e-01
   0  0   1.29e-01
   0  0   1.16e-01
   0  0   1.02e-01
   0  0   8.93e-02
   0  0   7.82e-02
   0  0   6.93e-02
   5  6   2.07e-01
   0  0   2.06e-01
   0  0   2.06e-01
   0  0   2.06e-01
   0  0   2.05e-01
   0  0   2.04e-01
   0  0   2.01e-01
   0  0   1.98e-01
   0  0   1.93e-01
   0  0   1.83e-01
   0  0   1.69e-01
   0  0   1.49e-01
   0  0   1.29e-01
   0  0   1.13e-01
   0  0   9.76e-02
   0  0   8.81e-02
   0  0   8.64e-02
   0  0   8.63e-02
   0  0   8.24e-02
   0  0   7.34e-02
   0  0   6.10e-02
   0  0   4.78e-02
   0  0   3.59e-02
   5  7   3.33e-01
   0  0   3.33e-01
   0  0   3.33e-01
   0  0   3.33e-01
   0  0   3.33e-01
   0  0   3.33e-01
   0  0   3.33e-01
   0  0   3.32e-01
   0  0   3.32e-01
   0  0   3.30e-01
   0  0   3.29e-01
   0  0   3.26e-01
   0  0   3.22e-01
   0  0   3.17e-01
   0  0   3.19e-01
   0  0   3.36e-01
   0  0   3.70e-01
   0  0   3.97e-01
   0  0   3.92e-01
   0  0   3.56e-01
   0  0   3.02e-01
   0  0   2.43e-01
   0  0   1.88e-01
   5  8   9.98e-01
   0  0   9.97e-01
   0  0   9.95e-01
   0  0   9.93e-01
   0  0   9.90e-01
   0  0   9.85e-01
   0  0   9.76e-01
   0  0   9.64e-01
   0  0   9.46e-01
   0  0   9.19e-01
   0  0   8.79e-01
   0  0   8.15e-01
   0  0   6.98e-01
   0  0   5.34e-01
   0  0   4.05e-01
   0  0   3.08e-01
   0  0   2.31e-01
   0  0   1.76e-01
   0  0   1.38e-01
   0  0   1.12e-01
   0  0   9.57e-02
   0  0   8.91e-02
   0  0   9.02e-02
   5  9   1.67e-01
   0  0   1.66e-01
   0  0   1.66e-01
   0  0   1.65e-01
   0  0   1.64e-01
   0  0   1.63e-01
   0  0   1.60e-01
   0  0   1.55e-01
   0  0   1.48e-01
   0  0   1.36e-01
   0  0   1.17e-01
   0  0   9.32e-02
   0  0   7.15e-02
   0  0   5.76e-02
   0  0   4.72e-02
   0  0   3.97e-02
   0  0   3.38e-02
   0  0   2.81e-02
   0  0   2.27e-02
   0  0   1.78e-02
   0  0   1.36e-02
   0  0   1.01e-02
   0  0   7.36e-03
   5 10   1.97e-01
   0  0   1.97e-01
   0  0   1.96e-01
   0  0   1.96e-01
   0  0   1.95e-01
   0  0   1.93e-01
   0  0   1.90e-01
   0  0   1.85e-01
   0  0   1.77e-01
   0  0   1.62e-01
   0  0   1.38e-01
   0  0   1.04e-01
   0  0   7.57e-02
   0  0   6.12e-02
   0  0   4.94e-02
   0  0   4.06e-02
   0  0   3.54e-02
   0  0   3.10e-02
   0  0   2.69e-02
   0  0   2.40e-02
   0  0   2.19e-02
   0  0   2.08e-02
   0  0   2.04e-02
   5 11   5.88e-01
   0  0   5.87e-01
   0  0   5.86e-01
   0  0   5.85e-01
   0  0   5.82e-01
   0  0   5.77e-01
   0  0   5.69e-01
   0  0   5.56e-01
   0  0   5.32e-01
   0  0   4.92e-01
   0  0   4.26e-01
   0  0   3.34e-01
   0  0   2.51e-01
   0  0   2.02e-01
   0  0   1.63e-01
   0  0   1.35e-01
   0  0   1.16e-01
   0  0   1.00e-01
   0  0   8.59e-02
   0  0   7.44e-02
   0  0   6.56e-02
   0  0   5.95e-02
   0  0   5.57e-02
   5 12   1.55e+00
   0  0   1.55e+00
   0  0   1.55e+00
   0  0   1.55e+00
   0  0   1.54e+00
   0  0   1.53e+00
   0  0   1.52e+00
   0  0   1.49e+00
   0  0   1.44e+00
   0  0   1.36e+00
   0  0   1.23e+00
   0  0   1.05e+00
   0  0   8.76e-01
   0  0   7.69e-01
   0  0   6.85e-01
   0  0   6.25e-01
   0  0   5.87e-01
   0  0   5.59e-01
   0  0   5.41e-01
   0  0   5.34e-01
   0  0   5.36e-01
   0  0   5.45e-01
   0  0   5.59e-01
   5 13   1.64e-01
   0  0   1.64e-01
   0  0   1.64e-01
   0  0   1.64e-01
   0  0   1.63e-01
   0  0   1.62e-01
   0  0   1.61e-01
   0  0   1.59e-01
   0  0   1.55e-01
   0  0   1.49e-01
   0  0   1.40e-01
   0  0   1.28e-01
   0  0   1.16e-01
   0  0   1.11e-01
   0  0   1.09e-01
   0  0   1.08e-01
   0  0   1.05e-01
   0  0   1.00e-01
   0  0   9.40e-02
   0  0   8.84e-02
   0  0   8.46e-02
   0  0   8.30e-02
   0  0   8.39e-02
   5 14   4.41e-01
   0  0   4.41e-01
   0  0   4.41e-01
   0  0   4.40e-01
   0  0   4.40e-01
   0  0   4.39e-01
   0  0   4.37e-01
   0  0   4.35e-01
   0  0   4.31e-01
   0  0   4.25e-01
   0  0   4.16e-01
   0  0   4.02e-01
   0  0   3.89e-01
   0  0   3.82e-01
   0  0   3.81e-01
   0  0   3.84e-01
   0  0   3.88e-01
   0  0   3.92e-01
   0  0   4.00e-01
   0  0   4.19e-01
   0  0   4.52e-01
   0  0   5.01e-01
   0  0   5.69e-01
   5 15   1.33e+00
   0  0   1.33e+00
   0  0   1.33e+00
   0  0   1.33e+00
   0  0   1.33e+00
   0  0   1.33e+00
   0  0   1.33e+00
   0  0   1.34e+00
   0  0   1.34e+00
   0  0   1.35e+00
   0  0   1.36e+00
   0  0   1.37e+00
   0  0   1.39e+00
   0  0   1.42e+00
   0  0   1.47e+00
   0  0   1.53e+00
   0  0   1.58e+00
   0  0   1.64e+00
   0  0   1.74e+00
   0  0   1.89e+00
   0  0   2.12e+00
   0  0   2.44e+00
   0  0   2.87e+00
   6  7   3.38e+00
   0  0   3.38e+00
   0  0   3.38e+00
   0  0   3.38e+00
   0  0   3.38e+00
   0  0   3.38e+00
   0  0   3.38e+00
   0  0   3.38e+00
   0  0   3.39e+00
   0  0   3.40e+00
   0  0   3.41e+00
   0  0   3.43e+00
   0  0   3.47e+00
   0  0   3.52e+00
   0  0   3.60e+00
   0  0   3.71e+00
   0  0   3.87e+00
   0  0   4.08e+00
   0  0   4.34e+00
   0  0   4.67e+00
   0  0   5.07e+00
   0  0   5.52e+00
   0  0   6.01e+00
   6  8   1.36e-01
   0  0   1.36e-01
   0  0   1.36e-01
   0  0   1.35e-01
   0  0   1.35e-01
   0  0   1.34e-01
   0  0   1.33e-01
   0  0   1.31e-01
   0  0   1.27e-01
   0  0   1.22e-01
   0  0   1.14e-01
   0  0   1.02e-01
   0  0   8.44e-02
   0  0   6.43e-02
   0  0   4.82e-02
   0  0   3.62e-02
   0  0   2.69e-02
   0  0   2.01e-02
   0  0   1.50e-02
   0  0   1.11e-02
   0  0   8.23e-03
   0  0   6.05e-03
   0  0   4.40e-03
   6  9   1.51e-01
   0  0   1.51e-01
   0  0   1.50e-01
   0  0   1.50e-01
   0  0   1.50e-01
   0  0   1.49e-01
   0  0   1.48e-01
   0  0   1.46e-01
   0  0   1.43e-01
   0  0   1.38e-01
   0  0   1.30e-01
   0  0   1.17e-01
   0  0   1.07e-01
   0  0   1.02e-01
   0  0   9.82e-02
   0  0   9.58e-02
   0  0   9.64e-02
   0  0   9.81e-02
   0  0   1.01e-01
   0  0   1.05e-01
   0  0   1.10e-01
   0  0   1.15e-01
   0  0   1.21e-01
   6 10   2.23e-02
   0  0   2.23e-02
   0  0   2.22e-02
   0  0   2.21e-02
   0  0   2.20e-02
   0  0   2.18e-02
   0  0   2.15e-02
   0  0   2.09e-02
   0  0   2.00e-02
   0  0   1.86e-02
   0  0   1.63e-02
   0  0   1.32e-02
   0  0   1.03e-02
   0  0   8.36e-03
   0  0   6.89e-03
   0  0   5.81e-03
   0  0   5.00e-03
   0  0   4.23e-03
   0  0   3.48e-03
   0  0   2.78e-03
   0  0   2.17e-03
   0  0   1.64e-03
   0  0   1.20e-03
   6 11   6.90e-02
   0  0   6.89e-02
   0  0   6.87e-02
   0  0   6.85e-02
   0  0   6.81e-02
   0  0   6.75e-02
   0  0   6.64e-02
   0  0   6.47e-02
   0  0   6.19e-02
   0  0   5.74e-02
   0  0   5.04e-02
   0  0   4.09e-02
   0  0   3.18e-02
   0  0   2.57e-02
   0  0   2.11e-02
   0  0   1.77e-02
   0  0   1.52e-02
   0  0   1.29e-02
   0  0   1.05e-02
   0  0   8.42e-03
   0  0   6.57e-03
   0  0   4.96e-03
   0  0   3.63e-03
   6 12   1.16e-01
   0  0   1.16e-01
   0  0   1.15e-01
   0  0   1.15e-01
   0  0   1.14e-01
   0  0   1.13e-01
   0  0   1.11e-01
   0  0   1.09e-01
   0  0   1.04e-01
   0  0   9.61e-02
   0  0   8.42e-02
   0  0   6.80e-02
   0  0   5.27e-02
   0  0   4.27e-02
   0  0   3.51e-02
   0  0   2.95e-02
   0  0   2.53e-02
   0  0   2.13e-02
   0  0   1.75e-02
   0  0   1.40e-02
   0  0   1.09e-02
   0  0   8.24e-03
   0  0   6.04e-03
   6 13   2.00e-02
   0  0   2.00e-02
   0  0   2.00e-02
   0  0   1.99e-02
   0  0   1.99e-02
   0  0   1.98e-02
   0  0   1.97e-02
   0  0   1.96e-02
   0  0   1.93e-02
   0  0   1.88e-02
   0  0   1.80e-02
   0  0   1.68e-02
   0  0   1.58e-02
   0  0   1.52e-02
   0  0   1.50e-02
   0  0   1.47e-02
   0  0   1.41e-02
   0  0   1.31e-02
   0  0   1.16e-02
   0  0   9.91e-03
   0  0   8.17e-03
   0  0   6.48e-03
   0  0   4.95e-03
   6 14   3.34e-02
   0  0   3.33e-02
   0  0   3.33e-02
   0  0   3.33e-02
   0  0   3.32e-02
   0  0   3.31e-02
   0  0   3.30e-02
   0  0   3.27e-02
   0  0   3.22e-02
   0  0   3.14e-02
   0  0   3.01e-02
   0  0   2.82e-02
   0  0   2.65e-02
   0  0   2.57e-02
   0  0   2.53e-02
   0  0   2.48e-02
   0  0   2.39e-02
   0  0   2.22e-02
   0  0   1.98e-02
   0  0   1.71e-02
   0  0   1.42e-02
   0  0   1.15e-02
   0  0   9.09e-03
   6 15   4.67e-02
   0  0   4.66e-02
   0  0   4.66e-02
   0  0   4.65e-02
   0  0   4.64e-02
   0  0   4.63e-02
   0  0   4.60e-02
   0  0   4.56e-02
   0  0   4.49e-02
   0  0   4.37e-02
   0  0   4.18e-02
   0  0   3.91e-02
   0  0   3.66e-02
   0  0   3.54e-02
   0  0   3.49e-02
   0  0   3.43e-02
   0  0   3.30e-02
   0  0   3.05e-02
   0  0   2.71e-02
   0  0   2.32e-02
   0  0   1.91e-02
   0  0   1.51e-02
   0  0   1.16e-02
 0 0 0
   1  2   2.170e+02
   1  3   0.000e+00
   1  4   1.140e+08
   1  5   1.000e+05
   1  6   9.444e+05
   1  7   1.870e+12
   1  8   0.000e+00
   1  9   0.000e+00
   1 10   3.210e+07
   1 11   0.000e+00
   1 12   0.000e+00
   1 13   0.000e+00
   1 14   0.000e+00
   1 15   0.000e+00
   2  3   6.890e+07
   2  4   6.890e+07
   2  5   7.010e+07
   2  6   0.000e+00
   2  7   0.000e+00
   2  8   0.000e+00
   2  9   2.790e+10
   2 10   2.790e+10
   2 11   2.800e+10
   2 12   0.000e+00
   2 13   0.000e+00
   2 14   0.000e+00
   2 15   0.000e+00
   3  4   0.000e+00
   3  5   0.000e+00
   3  6   0.000e+00
   3  7   0.000e+00
   3  8   1.310e+09
   3  9   0.000e+00
   3 10   0.000e+00
   3 11   0.000e+00
   3 12   0.000e+00
   3 13   4.860e+10
   3 14   0.000e+00
   3 15   0.000e+00
   4  5   0.000e+00
   4  6   8.840e-02
   4  7   0.000e+00
   4  8   3.940e+09
   4  9   0.000e+00
   4 10   0.000e+00
   4 11   0.000e+00
   4 12   0.000e+00
   4 13   3.640e+10
   4 14   6.530e+10
   4 15   0.000e+00
   5  6   0.000e+00
   5  7   0.000e+00
   5  8   6.560e+09
   5  9   0.000e+00
   5 10   0.000e+00
   5 11   0.000e+00
   5 12   0.000e+00
   5 13   2.430e+09
   5 14   2.170e+10
   5 15   8.730e+10
   6  7   0.000e+00
   6  8   0.000e+00
   6  9   0.000e+00
   6 10   0.000e+00
   6 11   0.000e+00
   6 12   0.000e+00
   6 13   0.000e+00
   6 14   0.000e+00
   6 15   0.000e+00
   7  8   0.000e+00
   7  9   0.000e+00
   7 10   0.000e+00
   7 11   0.000e+00
   7 12   1.250e+10
   7 13   0.000e+00
   7 14   4.200e+08
   7 15   0.000e+00
   8  9   8.630e+06
   8 10   8.740e+06
   8 11   8.950e+06
   8 12   0.000e+00
   8 13   0.000e+00
   8 14   0.000e+00
   8 15   0.000e+00
   9 10   0.000e+00
   9 11   0.000e+00
   9 12   0.000e+00
   9 13   0.000e+00
   9 14   0.000e+00
   9 15   0.000e+00
  10 11   0.000e+00
  10 12   0.000e+00
  10 13   0.000e+00
  10 14   0.000e+00
  10 15   0.000e+00
  11 12   0.000e+00
  11 13   0.000e+00
  11 14   0.000e+00
  11 15   0.000e+00
  12 13   0.000e+00
  12 14   0.000e+00
  12 15   0.000e+00
  13 14   0.000e+00
  13 15   0.000e+00
  14 15   0.000e+00
   1  1          0.0
   2  3    3385850.0
   3  1    3438271.0
   4  3    3438279.0
   5  5    3438570.0
   6  1    3439266.0
   7  3    3473795.0
   8  3    3991860.0
   9  1    4006160.0
  10  3    4006160.0
  11  5    4006160.0
  12  1    4006000.0
  13  3    4013460.0
  14  5    4013460.0
  15  7    4013460.0
