  2   1   1  3   1.417000E-03  2.235000E-04 -2.185000E-05  0.000000E+00  0.000000E+00  0.000000E+00  0.000000E+00  0.000000E+00  0.000000E+00   4.633000E+05  5.532000E+05  8.887000E+05  0.000000E+00  0.000000E+00  0.000000E+00  0.000000E+00  0.000000E+00  0.000000E+00
  3   1   2  3   2.941000E-05  6.068000E-05 -7.753000E-07  0.000000E+00  0.000000E+00  0.000000E+00  0.000000E+00  0.000000E+00  0.000000E+00   6.345000E+05  7.024000E+05  8.271000E+05  0.000000E+00  0.000000E+00  0.000000E+00  0.000000E+00  0.000000E+00  0.000000E+00
  3   2   1  3   1.451000E-04  5.789000E-03  1.889000E-05  0.000000E+00  0.000000E+00  0.000000E+00  0.000000E+00  0.000000E+00  0.000000E+00   8.529000E+05  1.056000E+06  1.170000E+07  0.000000E+00  0.000000E+00  0.000000E+00  0.000000E+00  0.000000E+00  0.000000E+00
  4   1   3  5   1.173000E-07  6.362000E-04  9.934000E-05  8.344000E-05  1.620000E-05  0.000000E+00  0.000000E+00  0.000000E+00  0.000000E+00   1.597000E+03  4.416000E+04  6.100000E+04  1.263000E+06  2.226000E+06  0.000000E+00  0.000000E+00  0.000000E+00  0.000000E+00
  4   2   2  3   1.942000E-04  1.485000E-03  1.320000E-05  0.000000E+00  0.000000E+00  0.000000E+00  0.000000E+00  0.000000E+00  0.000000E+00   1.185000E+06  1.377000E+06  1.904000E+06  0.000000E+00  0.000000E+00  0.000000E+00  0.000000E+00  0.000000E+00  0.000000E+00
  4   3   1  3   6.396000E-04  1.257000E-02 -1.224000E-04  0.000000E+00  0.000000E+00  0.000000E+00  0.000000E+00  0.000000E+00  0.000000E+00   1.482000E+06  1.879000E+06  3.556000E+06  0.000000E+00  0.000000E+00  0.000000E+00  0.000000E+00  0.000000E+00  0.000000E+00
  5   1   4  5   1.081000E-07  1.328000E-07  3.383000E-05  1.185000E-03  1.218000E-04  0.000000E+00  0.000000E+00  0.000000E+00  0.000000E+00   8.236000E+03  1.939000E+04  6.615000E+04  1.062000E+05  2.142000E+06  0.000000E+00  0.000000E+00  0.000000E+00  0.000000E+00
  5   2   3  6   7.643000E-08  3.662000E-06  8.081000E-04  8.497000E-04  2.996000E-04  7.136000E-04  0.000000E+00  0.000000E+00  0.000000E+00   3.043000E+02  1.705000E+04  5.881000E+04  5.947000E+04  9.015000E+04  2.155000E+06  0.000000E+00  0.000000E+00  0.000000E+00
  5   3   2  3   9.375000E-04  7.606000E-03 -2.683000E-04  0.000000E+00  0.000000E+00  0.000000E+00  0.000000E+00  0.000000E+00  0.000000E+00   1.913000E+06  2.319000E+06  2.732000E+06  0.000000E+00  0.000000E+00  0.000000E+00  0.000000E+00  0.000000E+00  0.000000E+00
  5   4   1  3   6.163000E-04  2.225000E-02  5.706000E-04  0.000000E+00  0.000000E+00  0.000000E+00  0.000000E+00  0.000000E+00  0.000000E+00   2.194000E+06  2.861000E+06  4.511000E+06  0.000000E+00  0.000000E+00  0.000000E+00  0.000000E+00  0.000000E+00  0.000000E+00
  6   1   5  5   6.346000E-09  9.793000E-09  1.634000E-06  8.369000E-04  3.355000E-04  0.000000E+00  0.000000E+00  0.000000E+00  0.000000E+00   1.217000E+01  7.380000E+01  1.523000E+04  1.207000E+05  2.144000E+05  0.000000E+00  0.000000E+00  0.000000E+00  0.000000E+00
  6   2   4  6   3.489000E-06  2.222000E-07  1.954000E-05  4.212000E-03  2.037000E-04  2.936000E-04  0.000000E+00  0.000000E+00  0.000000E+00   2.660000E+03  3.756000E+03  2.566000E+04  1.400000E+05  1.801000E+06  4.307000E+06  0.000000E+00  0.000000E+00  0.000000E+00
  6   3   3  6   4.673000E-07  1.887000E-05  1.305000E-05  3.099000E-03  3.001000E-04  2.553000E-03  0.000000E+00  0.000000E+00  0.000000E+00   7.233000E+02  2.847000E+03  1.054000E+04  8.915000E+04  2.812000E+05  3.254000E+06  0.000000E+00  0.000000E+00  0.000000E+00
  6   4   2  3   2.646000E-03  1.762000E-02 -7.843000E-04  0.000000E+00  0.000000E+00  0.000000E+00  0.000000E+00  0.000000E+00  0.000000E+00   2.804000E+06  3.485000E+06  4.324000E+06  0.000000E+00  0.000000E+00  0.000000E+00  0.000000E+00  0.000000E+00  0.000000E+00
  6   5   1  3   1.426000E-03  3.046000E-02  8.373000E-04  0.000000E+00  0.000000E+00  0.000000E+00  0.000000E+00  0.000000E+00  0.000000E+00   3.116000E+06  4.075000E+06  5.749000E+06  0.000000E+00  0.000000E+00  0.000000E+00  0.000000E+00  0.000000E+00  0.000000E+00
  7   1   6  6   1.658000E-08  2.760000E-08  2.391000E-09  7.585000E-07  3.012000E-04  7.132000E-04  0.000000E+00  0.000000E+00  0.000000E+00   1.265000E+01  8.425000E+01  2.964000E+02  5.923000E+03  1.278000E+05  2.184000E+05  0.000000E+00  0.000000E+00  0.000000E+00
  7   2   5  6   7.712000E-08  4.839000E-08  2.218000E-06  1.536000E-03  3.647000E-03  4.234000E-05  0.000000E+00  0.000000E+00  0.000000E+00   7.113000E+01  2.765000E+02  1.439000E+04  1.347000E+05  2.496000E+05  2.204000E+06  0.000000E+00  0.000000E+00  0.000000E+00
  7   3   4  6   3.386000E-06  3.036000E-05  5.945000E-05  1.195000E-03  6.462000E-03  1.358000E-03  0.000000E+00  0.000000E+00  0.000000E+00   1.406000E+03  6.965000E+03  2.604000E+04  1.304000E+05  1.965000E+05  4.466000E+06  0.000000E+00  0.000000E+00  0.000000E+00
  7   4   3  6   2.040000E-06  6.986000E-05  3.168000E-04  4.353000E-03  7.765000E-04  5.101000E-03  0.000000E+00  0.000000E+00  0.000000E+00   3.084000E+03  1.332000E+04  6.475000E+04  1.181000E+05  6.687000E+05  4.778000E+06  0.000000E+00  0.000000E+00  0.000000E+00
  7   5   2  3   5.761000E-03  3.434000E-02 -1.660000E-03  0.000000E+00  0.000000E+00  0.000000E+00  0.000000E+00  0.000000E+00  0.000000E+00   3.860000E+06  4.883000E+06  6.259000E+06  0.000000E+00  0.000000E+00  0.000000E+00  0.000000E+00  0.000000E+00  0.000000E+00
  7   6   1  3   2.801000E-03  4.362000E-02  1.117000E-03  0.000000E+00  0.000000E+00  0.000000E+00  0.000000E+00  0.000000E+00  0.000000E+00   4.198000E+06  5.516000E+06  8.050000E+06  0.000000E+00  0.000000E+00  0.000000E+00  0.000000E+00  0.000000E+00  0.000000E+00
  8   1   7  4   5.629000E-08  2.550000E-07  6.173000E-04  1.627000E-04  0.000000E+00  0.000000E+00  0.000000E+00  0.000000E+00  0.000000E+00   5.395000E+03  1.770000E+04  1.671000E+05  2.687000E+05  0.000000E+00  0.000000E+00  0.000000E+00  0.000000E+00  0.000000E+00
  8   2   6  6   1.627000E-07  1.262000E-07  6.663000E-07  3.925000E-06  2.406000E-03  1.146000E-03  0.000000E+00  0.000000E+00  0.000000E+00   4.535000E+01  2.847000E+02  4.166000E+03  2.877000E+04  1.953000E+05  3.646000E+05  0.000000E+00  0.000000E+00  0.000000E+00
  8   3   5  5   3.932000E-07  2.523000E-07  3.447000E-05  5.776000E-03  5.101000E-03  0.000000E+00  0.000000E+00  0.000000E+00  0.000000E+00   1.509000E+02  6.211000E+02  1.562000E+04  1.936000E+05  4.700000E+05  0.000000E+00  0.000000E+00  0.000000E+00  0.000000E+00
  8   4   4  7   1.615000E-05  9.299000E-06  1.530000E-04  6.616000E-04  1.080000E-02  7.503000E-04  2.892000E-03  0.000000E+00  0.000000E+00   7.569000E+02  3.659000E+03  1.984000E+04  8.429000E+04  2.294000E+05  1.161000E+06  6.137000E+06  0.000000E+00  0.000000E+00
  8   5   3  6   2.389000E-05  1.355000E-04  5.885000E-03  2.163000E-03  6.341000E-04  1.348000E-02  0.000000E+00  0.000000E+00  0.000000E+00   2.326000E+04  3.209000E+04  1.316000E+05  6.731000E+05  1.892000E+06  6.150000E+06  0.000000E+00  0.000000E+00  0.000000E+00
  8   6   2  2   6.135000E-02  1.968000E-04  0.000000E+00  0.000000E+00  0.000000E+00  0.000000E+00  0.000000E+00  0.000000E+00  0.000000E+00   6.113000E+06  3.656000E+07  0.000000E+00  0.000000E+00  0.000000E+00  0.000000E+00  0.000000E+00  0.000000E+00  0.000000E+00
  8   7   1  3   4.925000E-03  5.837000E-02  1.359000E-03  0.000000E+00  0.000000E+00  0.000000E+00  0.000000E+00  0.000000E+00  0.000000E+00   5.440000E+06  7.170000E+06  1.152000E+07  0.000000E+00  0.000000E+00  0.000000E+00  0.000000E+00  0.000000E+00  0.000000E+00
  9   1   8  6   3.096000E-09  8.151000E-09  9.651000E-09  1.431000E-08  5.503000E-06  9.522000E-04  0.000000E+00  0.000000E+00  0.000000E+00   4.456000E+00  1.155000E+02  4.434000E+02  1.404000E+04  1.296000E+05  2.380000E+05  0.000000E+00  0.000000E+00  0.000000E+00
  9   2   7  5   4.223000E-07  2.655000E-06  9.461000E-06  3.390000E-03  1.073000E-03  0.000000E+00  0.000000E+00  0.000000E+00  0.000000E+00   2.017000E+03  5.687000E+03  2.784000E+04  2.161000E+05  5.295000E+05  0.000000E+00  0.000000E+00  0.000000E+00  0.000000E+00
  9   3   6  7   3.771000E-06  5.399000E-07  3.307000E-06  1.861000E-05  2.146000E-03  4.197000E-03  2.313000E-03  0.000000E+00  0.000000E+00   1.337000E+02  7.575000E+02  7.973000E+03  3.279000E+04  1.956000E+05  3.298000E+05  6.735000E+05  0.000000E+00  0.000000E+00
  9   4   5  7   1.680000E-06  6.779000E-06  8.798000E-05  4.378000E-04  1.102000E-02  7.738000E-03  5.425000E-05  0.000000E+00  0.000000E+00   4.614000E+02  7.266000E+03  2.085000E+04  9.543000E+04  2.699000E+05  7.864000E+05  2.643000E+07  0.000000E+00  0.000000E+00
  9   5   4  7   4.892000E-06  2.086000E-05  2.548000E-04  6.407000E-04  1.450000E-02  3.070000E-03  5.805000E-03  0.000000E+00  0.000000E+00   7.694000E+02  1.067000E+04  1.939000E+04  6.150000E+04  2.565000E+05  1.016000E+06  7.782000E+06  0.000000E+00  0.000000E+00
  9   6   3  5   9.351000E-05  1.685000E-04  7.495000E-03  5.079000E-03  2.482000E-02  0.000000E+00  0.000000E+00  0.000000E+00  0.000000E+00   1.969000E+03  7.939000E+03  1.495000E+05  9.966000E+05  7.740000E+06  0.000000E+00  0.000000E+00  0.000000E+00  0.000000E+00
  9   7   2  3   1.006000E-02  6.743000E-02  1.034000E-02  0.000000E+00  0.000000E+00  0.000000E+00  0.000000E+00  0.000000E+00  0.000000E+00   6.330000E+06  7.859000E+06  9.755000E+06  0.000000E+00  0.000000E+00  0.000000E+00  0.000000E+00  0.000000E+00  0.000000E+00
  9   8   1  3   7.914000E-03  7.387000E-02  1.699000E-03  0.000000E+00  0.000000E+00  0.000000E+00  0.000000E+00  0.000000E+00  0.000000E+00   6.843000E+06  9.033000E+06  1.420000E+07  0.000000E+00  0.000000E+00  0.000000E+00  0.000000E+00  0.000000E+00  0.000000E+00
 10   1   9  6   4.152000E-09  4.656000E-09  1.310000E-08  1.417000E-09  7.968000E-04  1.271000E-05  0.000000E+00  0.000000E+00  0.000000E+00   2.689000E+01  2.021000E+02  7.200000E+02  4.892000E+04  3.144000E+05  6.738000E+05  0.000000E+00  0.000000E+00  0.000000E+00
 10   2   8  6   2.980000E-08  1.257000E-07  1.122000E-06  2.626000E-03  8.802000E-04  1.231000E+00  0.000000E+00  0.000000E+00  0.000000E+00   4.579000E+01  4.753000E+02  1.481000E+04  2.810000E+05  4.763000E+05  4.677000E+08  0.000000E+00  0.000000E+00  0.000000E+00
 10   3   7  6   2.763000E-06  1.053000E-05  4.453000E-05  6.244000E-03  3.146000E-04  4.465000E-03  0.000000E+00  0.000000E+00  0.000000E+00   6.393000E+02  1.499000E+03  3.227000E+04  2.561000E+05  4.505000E+05  7.934000E+05  0.000000E+00  0.000000E+00  0.000000E+00
 10   4   6  6   2.922000E-06  7.144000E-06  2.836000E-05  9.820000E-05  8.379000E-03  1.009000E-02  0.000000E+00  0.000000E+00  0.000000E+00   2.050000E+02  2.205000E+03  9.271000E+03  4.988000E+04  2.904000E+05  8.782000E+05  0.000000E+00  0.000000E+00  0.000000E+00
 10   5   5  7   5.653000E-06  4.344000E-05  1.086000E-04  5.980000E-04  1.457000E-02  1.601000E-02  5.365000E-04  0.000000E+00  0.000000E+00   6.280000E+02  2.812000E+03  1.324000E+04  8.064000E+04  3.052000E+05  1.032000E+06  2.388000E+06  0.000000E+00  0.000000E+00
 10   6   4  7   8.460000E-05  1.817000E-04  1.176000E-03  1.397000E-02  5.566000E-03  6.229000E-03  1.031000E-02  0.000000E+00  0.000000E+00   1.049000E+03  3.829000E+03  6.133000E+04  2.568000E+05  4.600000E+05  1.324000E+06  9.353000E+06  0.000000E+00  0.000000E+00
 10   7   3  6   2.399000E-04  3.532000E-04  8.928000E-03  5.427000E-03  5.342000E-03  3.981000E-02  0.000000E+00  0.000000E+00  0.000000E+00   2.536000E+04  4.800000E+04  1.770000E+05  1.030000E+06  1.859000E+06  9.743000E+06  0.000000E+00  0.000000E+00  0.000000E+00
 10   8   2  3   1.552000E-02  9.008000E-02  1.182000E-02  0.000000E+00  0.000000E+00  0.000000E+00  0.000000E+00  0.000000E+00  0.000000E+00   7.845000E+06  9.803000E+06  1.209000E+07  0.000000E+00  0.000000E+00  0.000000E+00  0.000000E+00  0.000000E+00  0.000000E+00
 10   9   1  3   1.183000E-02  9.011000E-02  1.828000E-03  0.000000E+00  0.000000E+00  0.000000E+00  0.000000E+00  0.000000E+00  0.000000E+00   8.405000E+06  1.111000E+07  1.812000E+07  0.000000E+00  0.000000E+00  0.000000E+00  0.000000E+00  0.000000E+00  0.000000E+00
 11   1  10  3   2.673000E-06  1.918000E-04  1.491000E-05  0.000000E+00  0.000000E+00  0.000000E+00  0.000000E+00  0.000000E+00  0.000000E+00   3.027000E+05  3.732000E+05  4.787000E+05  0.000000E+00  0.000000E+00  0.000000E+00  0.000000E+00  0.000000E+00  0.000000E+00
 11   2   9  6   2.756000E-08  8.094000E-08  8.456000E-08  1.712000E-03  8.783000E-04  4.129000E-06  0.000000E+00  0.000000E+00  0.000000E+00   2.134000E+01  4.550000E+02  1.602000E+03  3.632000E+05  5.690000E+05  2.171000E+06  0.000000E+00  0.000000E+00  0.000000E+00
 11   3   8  6   3.117000E-07  1.869000E-06  5.359000E-06  3.042000E-03  4.918000E-03  5.673000E-04  0.000000E+00  0.000000E+00  0.000000E+00   3.411000E+02  2.826000E+03  1.431000E+04  2.867000E+05  5.574000E+05  1.215000E+06  0.000000E+00  0.000000E+00  0.000000E+00
 11   4   7  6   2.447000E-06  1.008000E-05  8.172000E-05  2.254000E-04  9.976000E-03  1.237000E-02  0.000000E+00  0.000000E+00  0.000000E+00   2.229000E+03  4.689000E+03  2.297000E+04  9.453000E+04  3.122000E+05  1.079000E+06  0.000000E+00  0.000000E+00  0.000000E+00
 11   5   6  7   1.118000E-04  1.974000E-05  6.610000E-05  3.533000E-04  1.082000E-02  2.061000E-02  2.115000E-03  0.000000E+00  0.000000E+00   3.455000E+02  2.293000E+03  1.670000E+04  7.203000E+04  3.343000E+05  1.090000E+06  1.987000E+06  0.000000E+00  0.000000E+00
 11   6   5  7   5.677000E-06  4.730000E-05  2.410000E-04  9.606000E-04  1.913000E-02  3.086000E-02  2.334000E-04  0.000000E+00  0.000000E+00   1.032000E+03  5.764000E+03  2.123000E+04  8.556000E+04  3.532000E+05  1.364000E+06  7.146000E+06  0.000000E+00  0.000000E+00
 11   7   4  7   1.741000E-05  7.735000E-04  1.890000E-03  2.254000E-02  1.336000E-02  1.660000E-02  2.665000E-04  0.000000E+00  0.000000E+00   3.910000E+03  2.127000E+04  6.185000E+04  3.287000E+05  1.573000E+06  1.130000E+07  2.903000E+08  0.000000E+00  0.000000E+00
 11   8   3  7   1.600000E-04  2.992000E-04  2.233000E-03  9.405000E-03  1.642000E-02  6.149000E-02  2.643000E-04  0.000000E+00  0.000000E+00   1.032000E+03  5.538000E+03  1.026000E+05  2.285000E+05  1.710000E+06  1.160000E+07  1.337000E+08  0.000000E+00  0.000000E+00
 11   9   2  3   2.228000E-02  1.133000E-01  1.296000E-02  0.000000E+00  0.000000E+00  0.000000E+00  0.000000E+00  0.000000E+00  0.000000E+00   9.521000E+06  1.195000E+07  1.502000E+07  0.000000E+00  0.000000E+00  0.000000E+00  0.000000E+00  0.000000E+00  0.000000E+00
 11  10   1  3   1.676000E-02  9.873000E-02  9.214000E-03  0.000000E+00  0.000000E+00  0.000000E+00  0.000000E+00  0.000000E+00  0.000000E+00   1.013000E+07  1.325000E+07  1.721000E+07  0.000000E+00  0.000000E+00  0.000000E+00  0.000000E+00  0.000000E+00  0.000000E+00
 12   1  11  4   3.871000E-08  4.732000E-07  1.599000E-03  2.628000E-05  0.000000E+00  0.000000E+00  0.000000E+00  0.000000E+00  0.000000E+00   8.415000E+03  1.682000E+04  5.000000E+04  2.759000E+05  0.000000E+00  0.000000E+00  0.000000E+00  0.000000E+00  0.000000E+00
 12   2  10  3   6.269000E-06  9.181000E-04  3.082000E-04  0.000000E+00  0.000000E+00  0.000000E+00  0.000000E+00  0.000000E+00  0.000000E+00   4.104000E+05  5.766000E+05  7.310000E+05  0.000000E+00  0.000000E+00  0.000000E+00  0.000000E+00  0.000000E+00  0.000000E+00
 12   3   9  6   9.400000E-08  3.818000E-07  2.064000E-07  2.710000E-05  3.802000E-03  3.086000E-03  0.000000E+00  0.000000E+00  0.000000E+00   2.660000E+02  1.141000E+03  3.210000E+03  1.727000E+05  4.523000E+05  9.105000E+05  0.000000E+00  0.000000E+00  0.000000E+00
 12   4   8  7   2.574000E-06  2.001000E-06  1.829000E-05  2.362000E-05  6.413000E-03  4.118000E-03  7.224000E-03  0.000000E+00  0.000000E+00   1.129000E+02  1.585000E+03  1.193000E+04  4.151000E+04  3.684000E+05  6.925000E+05  1.150000E+06  0.000000E+00  0.000000E+00
 12   5   7  6   2.407000E-05  1.187000E-04  3.845000E-04  1.333000E-02  2.804000E-02  8.746000E-04  0.000000E+00  0.000000E+00  0.000000E+00   8.061000E+03  2.154000E+04  6.640000E+04  3.406000E+05  1.327000E+06  3.347000E+06  0.000000E+00  0.000000E+00  0.000000E+00
 12   6   6  7   2.931000E-05  5.192000E-05  1.769000E-04  7.988000E-04  1.488000E-02  4.546000E-02  1.505000E-04  0.000000E+00  0.000000E+00   7.667000E+02  3.444000E+03  2.409000E+04  1.190000E+05  3.999000E+05  1.502000E+06  2.464000E+07  0.000000E+00  0.000000E+00
 12   7   5  7   5.451000E-05  6.999000E-05  3.928000E-04  7.483000E-04  1.851000E-02  1.190000E-02  4.764000E-02  0.000000E+00  0.000000E+00   2.196000E+02  4.524000E+03  2.491000E+04  9.111000E+04  3.367000E+05  8.316000E+05  1.817000E+06  0.000000E+00  0.000000E+00
 12   8   4  8   3.565000E-05  2.017000E-05  1.165000E-03  5.016000E-03  2.434000E-02  2.508000E-02  2.475000E-02  7.087000E-04  0.000000E+00   1.759000E+03  1.237000E+04  5.651000E+04  1.680000E+05  4.007000E+05  1.991000E+06  1.330000E+07  4.060000E+07  0.000000E+00
 12   9   3  7   2.582000E-04  5.033000E-04  4.561000E-03  8.754000E-03  2.734000E-02  7.509000E-02  1.385000E-02  0.000000E+00  0.000000E+00   2.861000E+04  4.087000E+04  1.528000E+05  2.677000E+05  2.055000E+06  1.298000E+07  1.852000E+07  0.000000E+00  0.000000E+00
 12  10   2  3   3.067000E-02  1.375000E-01  1.347000E-02  0.000000E+00  0.000000E+00  0.000000E+00  0.000000E+00  0.000000E+00  0.000000E+00   1.136000E+07  1.431000E+07  1.762000E+07  0.000000E+00  0.000000E+00  0.000000E+00  0.000000E+00  0.000000E+00  0.000000E+00
 12  11   1  3   2.262000E-02  1.216000E-01  2.531000E-03  0.000000E+00  0.000000E+00  0.000000E+00  0.000000E+00  0.000000E+00  0.000000E+00   1.201000E+07  1.588000E+07  2.473000E+07  0.000000E+00  0.000000E+00  0.000000E+00  0.000000E+00  0.000000E+00  0.000000E+00
 13   1  12  4   4.495000E-07  2.610000E-06  3.816000E-03  5.803000E-04  0.000000E+00  0.000000E+00  0.000000E+00  0.000000E+00  0.000000E+00   4.937000E+03  1.395000E+04  8.258000E+04  1.103000E+05  0.000000E+00  0.000000E+00  0.000000E+00  0.000000E+00  0.000000E+00
 13   2  11  5   1.629000E-06  3.584000E-06  1.244000E-05  4.155000E-03  2.904000E-04  0.000000E+00  0.000000E+00  0.000000E+00  0.000000E+00   3.809000E+03  5.120000E+03  2.166000E+04  7.635000E+04  8.477000E+05  0.000000E+00  0.000000E+00  0.000000E+00  0.000000E+00
 13   3  10  3   2.468000E-05  2.913000E-03  7.028000E-04  0.000000E+00  0.000000E+00  0.000000E+00  0.000000E+00  0.000000E+00  0.000000E+00   5.375000E+05  8.436000E+05  1.220000E+06  0.000000E+00  0.000000E+00  0.000000E+00  0.000000E+00  0.000000E+00  0.000000E+00
 13   4   9  7   3.238000E-07  1.152000E-06  2.336000E-06  6.909000E-06  1.925000E-03  5.081000E-03  9.317000E-03  0.000000E+00  0.000000E+00   2.488000E+02  1.793000E+03  9.919000E+03  4.367000E+04  4.012000E+05  6.513000E+05  1.261000E+06  0.000000E+00  0.000000E+00
 13   5   8  7   1.096000E-06  7.112000E-06  1.379000E-05  7.521000E-05  4.704000E-04  1.179000E-02  2.374000E-02  0.000000E+00  0.000000E+00   1.543000E+03  4.115000E+03  1.890000E+04  7.137000E+04  2.873000E+05  5.406000E+05  1.418000E+06  0.000000E+00  0.000000E+00
 13   6   7  6   1.460000E-05  9.728000E-05  6.830000E-04  1.230000E-02  9.660000E-03  5.047000E-02  0.000000E+00  0.000000E+00  0.000000E+00   4.671000E+02  1.234000E+04  4.178000E+04  3.345000E+05  6.942000E+05  1.786000E+06  0.000000E+00  0.000000E+00  0.000000E+00
 13   7   6  6   3.236000E-05  7.821000E-05  3.899000E-04  2.106000E-03  2.015000E-02  7.710000E-02  0.000000E+00  0.000000E+00  0.000000E+00   9.357000E+02  4.775000E+03  3.796000E+04  1.619000E+05  4.954000E+05  1.885000E+06  0.000000E+00  0.000000E+00  0.000000E+00
 13   8   5  7   1.431000E-05  3.517000E-05  8.709000E-04  5.087000E-03  2.679000E-02  8.922000E-02  2.483000E-04  0.000000E+00  0.000000E+00   1.122000E+03  6.431000E+03  5.139000E+04  1.820000E+05  4.936000E+05  2.121000E+06  1.001000E+08  0.000000E+00  0.000000E+00
 13   9   4  7   1.049000E-05  5.683000E-04  2.734000E-03  6.968000E-03  2.668000E-02  3.801000E-02  3.651000E-02  0.000000E+00  0.000000E+00   1.304000E+04  2.411000E+04  6.993000E+04  2.091000E+05  4.545000E+05  2.349000E+06  1.598000E+07  0.000000E+00  0.000000E+00
 13  10   3  6   4.380000E-04  6.900000E-04  6.947000E-03  9.037000E-03  3.925000E-02  1.153000E-01  0.000000E+00  0.000000E+00  0.000000E+00   5.767000E+03  2.207000E+04  1.639000E+05  3.336000E+05  2.519000E+06  1.617000E+07  0.000000E+00  0.000000E+00  0.000000E+00
 13  11   2  3   4.093000E-02  1.618000E-01  1.332000E-02  0.000000E+00  0.000000E+00  0.000000E+00  0.000000E+00  0.000000E+00  0.000000E+00   1.336000E+07  1.689000E+07  2.091000E+07  0.000000E+00  0.000000E+00  0.000000E+00  0.000000E+00  0.000000E+00  0.000000E+00
 13  12   1  3   3.004000E-02  1.306000E-01  7.786000E-03  0.000000E+00  0.000000E+00  0.000000E+00  0.000000E+00  0.000000E+00  0.000000E+00   1.406000E+07  1.850000E+07  2.431000E+07  0.000000E+00  0.000000E+00  0.000000E+00  0.000000E+00  0.000000E+00  0.000000E+00
 14   1  13  6   3.408000E-08  1.913000E-07  1.679000E-07  7.523000E-07  8.386000E-05  4.083000E-03  0.000000E+00  0.000000E+00  0.000000E+00   2.431000E+01  1.293000E+02  4.272000E+02  3.729000E+03  5.514000E+04  1.295000E+05  0.000000E+00  0.000000E+00  0.000000E+00
 14   2  12  5   2.930000E-06  2.803000E-06  9.023000E-05  6.909000E-03  2.582000E-05  0.000000E+00  0.000000E+00  0.000000E+00  0.000000E+00   1.162000E+02  5.721000E+03  3.477000E+04  1.176000E+05  3.505000E+06  0.000000E+00  0.000000E+00  0.000000E+00  0.000000E+00
 14   3  11  5   3.819000E-06  2.421000E-05  2.283000E-04  8.604000E-03  2.617000E-03  0.000000E+00  0.000000E+00  0.000000E+00  0.000000E+00   3.802000E+03  1.280000E+04  5.953000E+04  1.026000E+05  1.154000E+06  0.000000E+00  0.000000E+00  0.000000E+00  0.000000E+00
 14   4  10  3   1.422000E-04  9.474000E-03  1.650000E-03  0.000000E+00  0.000000E+00  0.000000E+00  0.000000E+00  0.000000E+00  0.000000E+00   7.685000E+05  1.208000E+06  1.839000E+06  0.000000E+00  0.000000E+00  0.000000E+00  0.000000E+00  0.000000E+00  0.000000E+00
 14   5   9  7   7.163000E-07  2.656000E-06  1.119000E-06  4.796000E-05  4.052000E-03  6.101000E-03  2.366000E-02  0.000000E+00  0.000000E+00   5.625000E+02  2.952000E+03  9.682000E+03  1.473000E+05  5.064000E+05  8.047000E+05  1.623000E+06  0.000000E+00  0.000000E+00
 14   6   8  7   2.086000E-06  9.423000E-06  3.423000E-05  3.950000E-04  1.535000E-02  4.986000E-02  4.067000E-04  0.000000E+00  0.000000E+00   3.708000E+02  3.870000E+03  2.226000E+04  1.318000E+05  5.285000E+05  1.742000E+06  8.392000E+06  0.000000E+00  0.000000E+00
 14   7   7  6   5.272000E-05  2.282000E-04  1.345000E-03  2.246000E-02  9.606000E-02  8.366000E-04  0.000000E+00  0.000000E+00  0.000000E+00   2.829000E+03  2.617000E+04  1.374000E+05  4.520000E+05  2.072000E+06  7.808000E+06  0.000000E+00  0.000000E+00  0.000000E+00
 14   8   6  6   5.845000E-04  6.600000E-04  7.180000E-04  1.714000E-02  2.958000E-02  1.075000E-01  0.000000E+00  0.000000E+00  0.000000E+00   9.856000E+02  6.577000E+03  4.281000E+04  3.944000E+05  1.296000E+06  2.441000E+06  0.000000E+00  0.000000E+00  0.000000E+00
 14   9   5  6   1.246000E-04  6.649000E-04  2.912000E-03  2.912000E-02  3.049000E-02  1.056000E-01  0.000000E+00  0.000000E+00  0.000000E+00   1.167000E+03  9.088000E+03  5.332000E+04  4.219000E+05  1.571000E+06  2.721000E+06  0.000000E+00  0.000000E+00  0.000000E+00
 14  10   4  7   2.214000E-04  1.260000E-03  3.832000E-03  1.158000E-02  2.871000E-02  5.456000E-02  5.035000E-02  0.000000E+00  0.000000E+00   3.586000E+03  1.324000E+04  5.636000E+04  2.498000E+05  5.363000E+05  2.809000E+06  1.854000E+07  0.000000E+00  0.000000E+00
 14  11   3  6   1.205000E-03  1.309000E-02  5.333000E-03  2.858000E-02  3.195000E-02  1.433000E-01  0.000000E+00  0.000000E+00  0.000000E+00   4.824000E+04  2.137000E+05  5.492000E+05  2.460000E+06  3.647000E+06  1.889000E+07  0.000000E+00  0.000000E+00  0.000000E+00
 14  12   2  4   5.318000E-02  1.874000E-01  1.227000E-02  7.173000E-04  0.000000E+00  0.000000E+00  0.000000E+00  0.000000E+00  0.000000E+00   1.552000E+07  1.969000E+07  2.532000E+07  2.696000E+08  0.000000E+00  0.000000E+00  0.000000E+00  0.000000E+00  0.000000E+00
 14  13   1  3   3.846000E-02  1.491000E-01  2.779000E-03  0.000000E+00  0.000000E+00  0.000000E+00  0.000000E+00  0.000000E+00  0.000000E+00   1.627000E+07  2.154000E+07  3.827000E+07  0.000000E+00  0.000000E+00  0.000000E+00  0.000000E+00  0.000000E+00  0.000000E+00
 15   1  14  8   5.128000E-08  2.744000E-08  2.647000E-08  3.652000E-08  2.286000E-06  9.048000E-04  5.975000E-04  4.853000E-05  0.000000E+00   1.684000E+01  1.053000E+02  4.273000E+02  7.150000E+03  5.600000E+04  1.399000E+05  1.676000E+05  3.120000E+07  0.000000E+00
 15   2  13  6   8.183000E-08  4.003000E-07  5.304000E-06  1.889000E-05  5.417000E-04  1.192000E-02  0.000000E+00  0.000000E+00  0.000000E+00   7.131000E+01  5.083000E+02  2.325000E+03  1.889000E+04  7.513000E+04  1.713000E+05  0.000000E+00  0.000000E+00  0.000000E+00
 15   3  12  6   6.763000E-06  3.864000E-06  3.456000E-05  2.562000E-04  1.430000E-02  2.623000E-04  0.000000E+00  0.000000E+00  0.000000E+00   1.532000E+03  2.588000E+03  7.095000E+03  4.171000E+04  1.477000E+05  1.083000E+06  0.000000E+00  0.000000E+00  0.000000E+00
 15   4  11  6   2.722000E-07  7.538000E-05  1.466000E-04  1.402000E-02  5.283000E-04  3.280000E-03  0.000000E+00  0.000000E+00  0.000000E+00   3.732000E+03  2.407000E+04  5.213000E+04  1.247000E+05  8.053000E+05  1.513000E+06  0.000000E+00  0.000000E+00  0.000000E+00
 15   5  10  3   5.482000E-04  2.391000E-02  3.478000E-03  0.000000E+00  0.000000E+00  0.000000E+00  0.000000E+00  0.000000E+00  0.000000E+00   9.520000E+05  1.598000E+06  2.594000E+06  0.000000E+00  0.000000E+00  0.000000E+00  0.000000E+00  0.000000E+00  0.000000E+00
 15   6   9  7   1.366000E-05  5.884000E-06  1.645000E-06  2.670000E-04  9.272000E-03  3.583000E-02  2.141000E-02  0.000000E+00  0.000000E+00   7.064000E+02  4.529000E+03  1.369000E+04  2.824000E+05  6.511000E+05  1.711000E+06  2.295000E+06  0.000000E+00  0.000000E+00
 15   7   8  7   4.267000E-06  4.415000E-05  1.083000E-04  1.020000E-03  1.842000E-02  3.816000E-02  5.215000E-02  0.000000E+00  0.000000E+00   1.057000E+03  6.996000E+03  2.808000E+04  1.712000E+05  6.095000E+05  1.845000E+06  2.373000E+06  0.000000E+00  0.000000E+00
 15   8   7  6   1.540000E-04  8.484000E-04  3.171000E-03  2.700000E-02  1.512000E-01  1.201000E-03  0.000000E+00  0.000000E+00  0.000000E+00   7.080000E+03  4.679000E+04  1.900000E+05  5.395000E+05  2.499000E+06  1.013000E+07  0.000000E+00  0.000000E+00  0.000000E+00
 15   9   6  7   4.963000E-05  2.021000E-04  6.269000E-04  7.312000E-03  2.811000E-02  1.880000E-01  6.513000E-04  0.000000E+00  0.000000E+00   1.715000E+03  1.028000E+04  4.195000E+04  2.629000E+05  7.272000E+05  2.704000E+06  3.671000E+07  0.000000E+00  0.000000E+00
 15  10   5  7   1.664000E-04  1.849000E-03  1.024000E-03  1.310000E-02  3.176000E-02  1.829000E-01  8.145000E-04  0.000000E+00  0.000000E+00   3.290000E+03  1.212000E+04  5.375000E+04  2.898000E+05  6.980000E+05  2.984000E+06  1.165000E+08  0.000000E+00  0.000000E+00
 15  11   4  7   3.416000E-04  1.520000E-03  4.087000E-03  3.442000E-02  1.792000E-02  7.679000E-02  6.485000E-02  0.000000E+00  0.000000E+00   5.119000E+03  1.559000E+04  8.723000E+04  3.923000E+05  1.161000E+06  3.514000E+06  2.218000E+07  0.000000E+00  0.000000E+00
 15  12   3  7   5.752000E-04  1.464000E-03  1.252000E-02  7.928000E-03  7.315000E-02  2.794000E-02  1.523000E-01  0.000000E+00  0.000000E+00   1.764000E+04  4.620000E+04  2.214000E+05  4.539000E+05  3.270000E+06  1.273000E+07  2.289000E+07  0.000000E+00  0.000000E+00
 15  13   2  3   6.756000E-02  2.122000E-01  1.292000E-02  0.000000E+00  0.000000E+00  0.000000E+00  0.000000E+00  0.000000E+00  0.000000E+00   1.784000E+07  2.270000E+07  2.867000E+07  0.000000E+00  0.000000E+00  0.000000E+00  0.000000E+00  0.000000E+00  0.000000E+00
 15  14   1  3   4.795000E-02  1.559000E-01  9.546000E-03  0.000000E+00  0.000000E+00  0.000000E+00  0.000000E+00  0.000000E+00  0.000000E+00   1.863000E+07  2.450000E+07  3.212000E+07  0.000000E+00  0.000000E+00  0.000000E+00  0.000000E+00  0.000000E+00  0.000000E+00
 16   1  15  7   7.300000E-08  2.577000E-07  4.961000E-08  9.520000E-07  9.586000E-07  6.849000E-04  6.539000E-04  0.000000E+00  0.000000E+00   5.077000E+02  6.007000E+02  2.342000E+03  7.269000E+03  2.190000E+04  1.483000E+05  1.906000E+05  0.000000E+00  0.000000E+00
 16   2  14  7   3.040000E-07  4.393000E-07  1.609000E-06  4.980000E-06  3.457000E-05  8.617000E-03  9.284000E-04  0.000000E+00  0.000000E+00   5.016000E+01  3.266000E+02  3.102000E+03  1.210000E+04  4.969000E+04  2.010000E+05  2.575000E+05  0.000000E+00  0.000000E+00
 16   3  13  6   5.817000E-07  1.391000E-06  1.123000E-05  1.521000E-04  1.875000E-03  2.097000E-02  0.000000E+00  0.000000E+00  0.000000E+00   3.628000E+02  1.058000E+03  7.160000E+03  3.260000E+04  1.235000E+05  2.070000E+05  0.000000E+00  0.000000E+00  0.000000E+00
 16   4  12  5   9.571000E-06  6.268000E-05  3.807000E-04  1.874000E-02  5.526000E-03  0.000000E+00  0.000000E+00  0.000000E+00  0.000000E+00   1.180000E+03  6.443000E+03  2.264000E+04  1.530000E+05  3.564000E+05  0.000000E+00  0.000000E+00  0.000000E+00  0.000000E+00
 16   5  11  6   2.816000E-06  3.172000E-05  1.832000E-04  4.360000E-03  1.618000E-02  7.707000E-03  0.000000E+00  0.000000E+00  0.000000E+00   7.590000E+03  1.558000E+04  4.013000E+04  1.156000E+05  1.601000E+05  1.839000E+06  0.000000E+00  0.000000E+00  0.000000E+00
 16   6  10  3   3.931000E-05  4.431000E-03  5.156000E-02  0.000000E+00  0.000000E+00  0.000000E+00  0.000000E+00  0.000000E+00  0.000000E+00   9.455000E+05  1.365000E+06  2.169000E+06  0.000000E+00  0.000000E+00  0.000000E+00  0.000000E+00  0.000000E+00  0.000000E+00
 16   7   9  6   2.585000E-06  9.517000E-06  5.194000E-06  3.715000E-04  1.553000E-02  1.013000E-01  0.000000E+00  0.000000E+00  0.000000E+00   1.277000E+03  5.978000E+03  2.097000E+04  2.292000E+05  7.974000E+05  2.376000E+06  0.000000E+00  0.000000E+00  0.000000E+00
 16   8   8  7   2.924000E-05  3.366000E-04  2.104000E-04  1.910000E-02 -4.017000E-04  6.541000E-02  9.546000E-02  0.000000E+00  0.000000E+00   7.192000E+02  7.490000E+03  4.510000E+04  5.586000E+05  3.830000E+05  1.976000E+06  2.894000E+06  0.000000E+00  0.000000E+00
 16   9   7  6   1.830000E-04  1.551000E-03  1.717000E-03  2.798000E-02  6.933000E-02  1.727000E-01  0.000000E+00  0.000000E+00  0.000000E+00   1.122000E+04  3.121000E+04  9.348000E+04  4.792000E+05  2.052000E+06  3.291000E+06  0.000000E+00  0.000000E+00  0.000000E+00
 16  10   6  6   1.371000E-04  3.096000E-04  1.782000E-03  1.278000E-02  3.323000E-02  2.593000E-01  0.000000E+00  0.000000E+00  0.000000E+00   1.505000E+03  1.100000E+04  6.720000E+04  3.364000E+05  9.686000E+05  3.195000E+06  0.000000E+00  0.000000E+00  0.000000E+00
 16  11   5  7   9.126000E-05  1.691000E-04  3.050000E-03  2.604000E-02  3.245000E-02  2.511000E-01  4.459000E-04  0.000000E+00  0.000000E+00   3.575000E+03  1.491000E+04  9.388000E+04  3.856000E+05  9.630000E+05  3.490000E+06  1.743000E+08  0.000000E+00  0.000000E+00
 16  12   4  7   2.610000E-04  9.442000E-04  8.190000E-03  4.271000E-02  1.997000E-02  9.590000E-02  8.444000E-02  0.000000E+00  0.000000E+00   5.114000E+03  1.750000E+04  1.061000E+05  4.691000E+05  1.821000E+06  4.033000E+06  2.476000E+07  0.000000E+00  0.000000E+00
 16  13   3  7   1.173000E-03  1.718000E-03  1.657000E-02  7.474000E-03  9.698000E-02  1.399000E-01  7.029000E-02  0.000000E+00  0.000000E+00   1.366000E+04  6.371000E+04  2.540000E+05  6.493000E+05  3.868000E+06  2.186000E+07  2.983000E+07  0.000000E+00  0.000000E+00
 16  14   2  4   8.410000E-02  2.381000E-01  1.065000E-02  1.049000E-03  0.000000E+00  0.000000E+00  0.000000E+00  0.000000E+00  0.000000E+00   2.032000E+07  2.592000E+07  3.206000E+07  2.016000E+08  0.000000E+00  0.000000E+00  0.000000E+00  0.000000E+00  0.000000E+00
 16  15   1  3   6.659000E-02  1.762000E-01 -6.522000E-03  0.000000E+00  0.000000E+00  0.000000E+00  0.000000E+00  0.000000E+00  0.000000E+00   2.122000E+07  2.897000E+07  5.786000E+07  0.000000E+00  0.000000E+00  0.000000E+00  0.000000E+00  0.000000E+00  0.000000E+00
 17   2  15  6   4.339000E-07  6.917000E-07  4.733000E-06  6.045000E-06  2.290000E-04  2.081000E-02  0.000000E+00  0.000000E+00  0.000000E+00   5.980000E+02  8.234000E+02  5.893000E+03  2.674000E+04  1.132000E+05  2.632000E+05  0.000000E+00  0.000000E+00  0.000000E+00
 17   3  14  5   6.019000E-07  3.244000E-06  2.686000E-05  8.945000E-04  2.095000E-02  0.000000E+00  0.000000E+00  0.000000E+00  0.000000E+00   1.077000E+02  8.933000E+02  9.908000E+03  8.465000E+04  2.657000E+05  0.000000E+00  0.000000E+00  0.000000E+00  0.000000E+00
 17   4  13  6   1.399000E-06  1.378000E-05  1.214000E-04  4.726000E-04  1.128000E-02  2.993000E-02  0.000000E+00  0.000000E+00  0.000000E+00   5.776000E+02  2.714000E+03  1.067000E+04  4.822000E+04  1.740000E+05  2.656000E+05  0.000000E+00  0.000000E+00  0.000000E+00
 17   5  12  6   1.298000E-05  6.784000E-05  2.295000E-04  3.446000E-03  3.153000E-02  2.824000E-03  0.000000E+00  0.000000E+00  0.000000E+00   1.010000E+03  3.305000E+03  1.717000E+04  8.541000E+04  2.098000E+05  2.381000E+06  0.000000E+00  0.000000E+00  0.000000E+00
 17   6  11  6   2.041000E-05  2.386000E-04  8.413000E-04  2.724000E-02  8.375000E-03  1.595000E-02  0.000000E+00  0.000000E+00  0.000000E+00   1.279000E+04  2.238000E+04  6.587000E+04  1.786000E+05  1.782000E+06  2.767000E+06  0.000000E+00  0.000000E+00  0.000000E+00
 17   7  10  4   1.698000E-04  5.325000E-02  5.717000E-02 -5.152000E-03  0.000000E+00  0.000000E+00  0.000000E+00  0.000000E+00  0.000000E+00   1.146000E+06  2.055000E+06  3.348000E+06  7.186000E+06  0.000000E+00  0.000000E+00  0.000000E+00  0.000000E+00  0.000000E+00
 17   8   9  7   4.411000E-06  1.673000E-05  4.946000E-05  7.314000E-04  7.624000E-03  2.206000E-02  1.559000E-01  0.000000E+00  0.000000E+00   7.915000E+02  7.093000E+03  4.185000E+04  2.508000E+05  7.203000E+05  1.364000E+06  2.906000E+06  0.000000E+00  0.000000E+00
 17   9   8  7   2.257000E-05  6.796000E-05  2.448000E-04  3.062000E-03  2.900000E-02  2.278000E-01  2.475000E-03  0.000000E+00  0.000000E+00   1.599000E+03  8.030000E+03  5.065000E+04  2.973000E+05  8.159000E+05  2.999000E+06  6.580000E+06  0.000000E+00  0.000000E+00
 17  10   7  7   3.154000E-04  5.858000E-04  2.821000E-03  3.456000E-02  8.550000E-02  2.598000E-01  2.163000E-03  0.000000E+00  0.000000E+00   3.028000E+03  1.453000E+04  1.266000E+05  5.511000E+05  2.414000E+06  3.713000E+06  1.357000E+09  0.000000E+00  0.000000E+00
 17  11   6  7   2.671000E-04  1.439000E-03  3.183000E-03  6.145000E-03  2.694000E-02  1.149000E-01  2.573000E-01  0.000000E+00  0.000000E+00   1.837000E+03  1.505000E+04  6.655000E+04  3.305000E+05  6.394000E+05  2.563000E+06  4.071000E+06  0.000000E+00  0.000000E+00
 17  12   5  7   7.968000E-05  1.212000E-03  5.278000E-03  3.166000E-02  3.145000E-02  3.193000E-01  4.706000E-03  0.000000E+00  0.000000E+00   3.775000E+03  2.304000E+04  8.849000E+04  4.401000E+05  1.166000E+06  3.950000E+06  9.747000E+06  0.000000E+00  0.000000E+00
 17  13   4  8   4.394000E-04  2.394000E-03  8.569000E-03  3.538000E-02  2.438000E-02  1.353000E-01  9.538000E-02  1.390000E-02  0.000000E+00   4.784000E+03  3.359000E+04  9.827000E+04  4.235000E+05  9.749000E+05  4.254000E+06  2.511000E+07  4.612000E+07  0.000000E+00
 17  14   3  7   5.299000E-04  1.410000E-03  4.341000E-03  2.068000E-02  4.274000E-02  9.527000E-02  2.357000E-01  0.000000E+00  0.000000E+00   3.526000E+04  5.954000E+04  1.461000E+05  3.479000E+05  2.996000E+06  5.413000E+06  2.816000E+07  0.000000E+00  0.000000E+00
 17  15   2  3   1.172000E-01  6.677000E-01 -4.111000E-01  0.000000E+00  0.000000E+00  0.000000E+00  0.000000E+00  0.000000E+00  0.000000E+00   2.302000E+07  3.470000E+07  3.817000E+07  0.000000E+00  0.000000E+00  0.000000E+00  0.000000E+00  0.000000E+00  0.000000E+00
 17  16   1  3   7.078000E-02  1.881000E-01  2.828000E-03  0.000000E+00  0.000000E+00  0.000000E+00  0.000000E+00  0.000000E+00  0.000000E+00   2.386000E+07  3.162000E+07  6.619000E+07  0.000000E+00  0.000000E+00  0.000000E+00  0.000000E+00  0.000000E+00  0.000000E+00
 18   3  15  6   1.688000E-06  4.430000E-06  2.567000E-05  1.028000E-04  1.413000E-03  4.267000E-02  0.000000E+00  0.000000E+00  0.000000E+00   1.013000E+03  1.620000E+03  8.418000E+03  2.451000E+04  1.525000E+05  3.233000E+05  0.000000E+00  0.000000E+00  0.000000E+00
 18   4  14  7   1.590000E-05  1.636000E-05  7.566000E-05  3.805000E-04  5.247000E-03  3.272000E-02  1.060000E-04  0.000000E+00  0.000000E+00   2.879000E+02  1.717000E+03  9.917000E+03  5.769000E+04  2.178000E+05  3.191000E+05  1.250000E+06  0.000000E+00  0.000000E+00
 18   5  13  6   4.315000E-06  4.317000E-05  3.533000E-04  4.357000E-04  8.878000E-03  4.951000E-02  0.000000E+00  0.000000E+00  0.000000E+00   3.115000E+02  3.490000E+03  1.665000E+04  5.015000E+04  1.569000E+05  3.019000E+05  0.000000E+00  0.000000E+00  0.000000E+00
 18   6  12  6   5.219000E-05  3.268000E-04  1.514000E-03  5.551000E-03  4.596000E-02  7.266000E-03  0.000000E+00  0.000000E+00  0.000000E+00   1.469000E+03  5.106000E+03  2.347000E+04  1.104000E+05  2.415000E+05  2.713000E+06  0.000000E+00  0.000000E+00  0.000000E+00
 18   7  11  5   1.016000E-04  7.473000E-04  3.394000E-02  2.398000E-03  2.530000E-02  0.000000E+00  0.000000E+00  0.000000E+00  0.000000E+00   1.513000E+04  4.784000E+04  1.926000E+05  6.904000E+05  2.715000E+06  0.000000E+00  0.000000E+00  0.000000E+00  0.000000E+00
 18   8  10  4   4.331000E-04  9.003000E-02  8.756000E-02 -1.061000E-02  0.000000E+00  0.000000E+00  0.000000E+00  0.000000E+00  0.000000E+00   1.351000E+06  2.428000E+06  4.147000E+06  8.446000E+06  0.000000E+00  0.000000E+00  0.000000E+00  0.000000E+00  0.000000E+00
 18   9   9  6   6.816000E-06  3.234000E-05  2.038000E-04  2.187000E-03  3.042000E-02  2.542000E-01  0.000000E+00  0.000000E+00  0.000000E+00   2.083000E+03  1.096000E+04  4.999000E+04  4.238000E+05  1.218000E+06  3.344000E+06  0.000000E+00  0.000000E+00  0.000000E+00
 18  10   8  7   1.299000E-05  2.298000E-04  1.023000E-03  9.294000E-03  3.957000E-02  3.174000E-01  3.450000E-03  0.000000E+00  0.000000E+00   1.535000E+03  1.464000E+04  6.005000E+04  4.186000E+05  1.213000E+06  3.562000E+06  5.367000E+06  0.000000E+00  0.000000E+00
 18  11   7  7   7.762000E-05  2.947000E-04  2.841000E-03  2.215000E-02  3.892000E-02  4.219000E-01  1.418000E-02  0.000000E+00  0.000000E+00   2.836000E+03  1.624000E+04  8.427000E+04  4.223000E+05  1.125000E+06  3.906000E+06  5.900000E+06  0.000000E+00  0.000000E+00
 18  12   6  7   2.150000E-04  6.864000E-04  2.705000E-03  2.338000E-02  4.951000E-02  4.399000E-01  8.728000E-04  0.000000E+00  0.000000E+00   2.258000E+03  1.495000E+04  9.067000E+04  4.780000E+05  1.538000E+06  4.274000E+06  4.681000E+07  0.000000E+00  0.000000E+00
 18  13   5  7   1.885000E-04  3.131000E-03  5.019000E-03  1.104000E-02  4.690000E-02  1.852000E-01  2.407000E-01  0.000000E+00  0.000000E+00   4.613000E+03  2.698000E+04  8.987000E+04  3.045000E+05  7.081000E+05  3.524000E+06  5.235000E+06  0.000000E+00  0.000000E+00
 18  14   4  7   7.348000E-04  5.115000E-03  9.444000E-03  5.143000E-02  3.006000E-02  1.566000E-01  1.309000E-01  0.000000E+00  0.000000E+00   5.053000E+03  2.167000E+04  1.280000E+05  5.220000E+05  2.161000E+06  5.084000E+06  3.089000E+07  0.000000E+00  0.000000E+00
 18  15   3  6   9.046000E-04  3.613000E-03  1.984000E-02  9.058000E-03  1.497000E-01  2.812000E-01  0.000000E+00  0.000000E+00  0.000000E+00   1.409000E+04  6.954000E+04  2.936000E+05  6.472000E+05  4.759000E+06  2.984000E+07  0.000000E+00  0.000000E+00  0.000000E+00
 18  16   2  3   1.220000E-01  2.795000E-01  1.569000E-02  0.000000E+00  0.000000E+00  0.000000E+00  0.000000E+00  0.000000E+00  0.000000E+00   2.576000E+07  3.288000E+07  4.360000E+07  0.000000E+00  0.000000E+00  0.000000E+00  0.000000E+00  0.000000E+00  0.000000E+00
 18  17   1  3   9.249000E-02  2.011000E-01 -7.153000E-03  0.000000E+00  0.000000E+00  0.000000E+00  0.000000E+00  0.000000E+00  0.000000E+00   2.677000E+07  3.653000E+07  4.729000E+07  0.000000E+00  0.000000E+00  0.000000E+00  0.000000E+00  0.000000E+00  0.000000E+00
 19   1  18  4   6.292000E-04  2.350000E-03  1.165000E-02  2.470000E-03  0.000000E+00  0.000000E+00  0.000000E+00  0.000000E+00  0.000000E+00   2.451000E+05  3.504000E+05  4.094000E+05  4.766000E+05  0.000000E+00  0.000000E+00  0.000000E+00  0.000000E+00  0.000000E+00
 19   4  15  6   8.509000E-07  4.814000E-05  1.335000E-04  4.253000E-04  4.086000E-03  6.825000E-02  0.000000E+00  0.000000E+00  0.000000E+00   1.967000E+02  2.907000E+03  9.067000E+03  4.852000E+04  2.033000E+05  3.790000E+05  0.000000E+00  0.000000E+00  0.000000E+00
 19   5  14  6   8.624000E-05  8.801000E-05  1.934000E-04  1.878000E-03  4.936000E-02  3.667000E-03  0.000000E+00  0.000000E+00  0.000000E+00   1.876000E+02  2.406000E+03  1.482000E+04  9.215000E+04  3.473000E+05  4.806000E+05  0.000000E+00  0.000000E+00  0.000000E+00
 19   6  13  6   6.354000E-05  4.640000E-04  8.887000E-04  7.525000E-03  7.025000E-02  2.662000E-04  0.000000E+00  0.000000E+00  0.000000E+00   1.632000E+03  4.646000E+03  2.856000E+04  1.327000E+05  3.214000E+05  2.654000E+06  0.000000E+00  0.000000E+00  0.000000E+00
 19   7  12  6   9.176000E-05  1.519000E-04  2.585000E-03  1.364000E-02  5.097000E-02  1.478000E-02  0.000000E+00  0.000000E+00  0.000000E+00   1.915000E+03  6.277000E+03  3.614000E+04  1.467000E+05  2.860000E+05  3.142000E+06  0.000000E+00  0.000000E+00  0.000000E+00
 19   8  11  6   1.030000E-06  3.755000E-04  1.354000E-03  4.108000E-02  4.373000E-03  4.094000E-02  0.000000E+00  0.000000E+00  0.000000E+00   2.685000E+03  1.684000E+04  5.729000E+04  2.141000E+05  8.556000E+05  3.198000E+06  0.000000E+00  0.000000E+00  0.000000E+00
 19   9  10  4   1.105000E-03  1.401000E-01  1.187000E-01 -1.088000E-02  0.000000E+00  0.000000E+00  0.000000E+00  0.000000E+00  0.000000E+00   1.586000E+06  2.822000E+06  4.900000E+06  1.090000E+07  0.000000E+00  0.000000E+00  0.000000E+00  0.000000E+00  0.000000E+00
 19  10   9  6   1.028000E-05  3.912000E-05  2.908000E-05  4.456000E-03  4.759000E-02  3.620000E-01  0.000000E+00  0.000000E+00  0.000000E+00   1.446000E+03  1.149000E+04  4.416000E+04  5.140000E+05  1.596000E+06  3.914000E+06  0.000000E+00  0.000000E+00  0.000000E+00
 19  11   8  7   7.004000E-05  3.034000E-04  1.258000E-03  1.743000E-02  5.124000E-02  4.398000E-01  1.119000E-03  0.000000E+00  0.000000E+00   1.014000E+03  1.435000E+04  6.515000E+04  5.808000E+05  1.661000E+06  4.153000E+06  1.795000E+07  0.000000E+00  0.000000E+00
 19  12   7  6   1.085000E-04  1.099000E-03  5.443000E-03  4.604000E-02  2.289000E-01  3.734000E-01  0.000000E+00  0.000000E+00  0.000000E+00   7.952000E+03  2.367000E+04  9.201000E+04  6.356000E+05  3.329000E+06  5.129000E+06  0.000000E+00  0.000000E+00  0.000000E+00
 19  13   6  7   4.556000E-04  3.209000E-03  3.770000E-03  2.918000E-02  6.498000E-02  5.392000E-01  1.074000E-03  0.000000E+00  0.000000E+00   1.657000E+03  2.028000E+04  1.055000E+05  5.326000E+05  1.891000E+06  4.863000E+06  3.738000E+08  0.000000E+00  0.000000E+00
 19  14   5  7   3.586000E-03  3.935000E-03  1.224000E-02  5.542000E-02  3.164000E-01  2.022000E-01  5.815000E-04  0.000000E+00  0.000000E+00   2.541000E+03  1.605000E+04  1.921000E+05  7.584000E+05  4.303000E+06  6.161000E+06  1.089000E+08  0.000000E+00  0.000000E+00
 19  15   4  7   7.796000E-04  2.483000E-03  1.255000E-02  5.620000E-02  3.451000E-02  2.160000E-01  1.516000E-01  0.000000E+00  0.000000E+00   6.895000E+03  4.446000E+04  1.453000E+05  5.627000E+05  2.171000E+06  5.838000E+06  3.565000E+07  0.000000E+00  0.000000E+00
 19  16   3  7   2.263000E-03  4.026000E-03  2.578000E-02  1.011000E-02  1.816000E-01  3.021000E-01  8.857000E-03  0.000000E+00  0.000000E+00   3.553000E+04  1.009000E+05  3.457000E+05  1.311000E+06  5.582000E+06  3.317000E+07  8.634000E+07  0.000000E+00  0.000000E+00
 19  17   2  3   1.598000E-01  3.107000E-01 -1.177000E-02  0.000000E+00  0.000000E+00  0.000000E+00  0.000000E+00  0.000000E+00  0.000000E+00   2.879000E+07  3.822000E+07  5.308000E+07  0.000000E+00  0.000000E+00  0.000000E+00  0.000000E+00  0.000000E+00  0.000000E+00
 19  18   1  3   9.767000E-02  2.109000E-01  3.459000E-03  0.000000E+00  0.000000E+00  0.000000E+00  0.000000E+00  0.000000E+00  0.000000E+00   2.973000E+07  3.936000E+07  5.935000E+07  0.000000E+00  0.000000E+00  0.000000E+00  0.000000E+00  0.000000E+00  0.000000E+00
 20   2  18  3   3.843000E-04  8.040000E-03  8.670000E-03  0.000000E+00  0.000000E+00  0.000000E+00  0.000000E+00  0.000000E+00  0.000000E+00   2.282000E+05  3.682000E+05  4.479000E+05  0.000000E+00  0.000000E+00  0.000000E+00  0.000000E+00  0.000000E+00  0.000000E+00
 20   5  15  7   9.288000E-06  5.118000E-05  4.784000E-04  1.906000E-03  2.598000E-02  8.163000E-02  4.686000E-04  0.000000E+00  0.000000E+00   9.012000E+02  3.985000E+03  1.738000E+04  8.190000E+04  3.387000E+05  4.429000E+05  3.477000E+06  0.000000E+00  0.000000E+00
 20   6  14  5   4.836000E-04  3.208000E-04  9.281000E-04  5.307000E-02  2.175000E-02  0.000000E+00  0.000000E+00  0.000000E+00  0.000000E+00   3.497000E+02  2.664000E+03  3.433000E+04  3.149000E+05  6.358000E+05  0.000000E+00  0.000000E+00  0.000000E+00  0.000000E+00
 20   7  13  6   1.097000E-04  4.033000E-04  1.778000E-03  1.062000E-02  8.680000E-02  9.608000E-04  0.000000E+00  0.000000E+00  0.000000E+00   2.561000E+03  6.235000E+03  3.180000E+04  1.357000E+05  3.550000E+05  1.230000E+06  0.000000E+00  0.000000E+00  0.000000E+00
 20   8  12  6   1.697000E-04  7.725000E-04  5.140000E-03  3.397000E-02  4.806000E-02  2.745000E-02  0.000000E+00  0.000000E+00  0.000000E+00   1.590000E+03  7.651000E+03  4.282000E+04  2.047000E+05  3.459000E+05  3.715000E+06  0.000000E+00  0.000000E+00  0.000000E+00
 20   9  11  6   6.508000E-05  8.795000E-04  6.576000E-03  4.780000E-02  5.167000E-02  1.859000E-02  0.000000E+00  0.000000E+00  0.000000E+00   3.711000E+03  4.421000E+04  1.189000E+05  2.603000E+05  3.099000E+06  5.016000E+06  0.000000E+00  0.000000E+00  0.000000E+00
 20  10  10  4   2.582000E-03  2.139000E-01  1.622000E-01 -1.290000E-02  0.000000E+00  0.000000E+00  0.000000E+00  0.000000E+00  0.000000E+00   1.843000E+06  3.280000E+06  5.733000E+06  1.592000E+07  0.000000E+00  0.000000E+00  0.000000E+00  0.000000E+00  0.000000E+00
 20  11   9  7   1.420000E-05  5.390000E-05  9.249000E-05  5.689000E-03  5.330000E-02  4.953000E-01  1.608000E-03  0.000000E+00  0.000000E+00   4.047000E+03  1.614000E+04  7.385000E+04  5.331000E+05  1.746000E+06  4.406000E+06  9.285000E+07  0.000000E+00  0.000000E+00
 20  12   8  7   3.172000E-04  7.229000E-04  5.650000E-04  2.096000E-02  9.479000E-02  5.528000E-01  1.308000E-03  0.000000E+00  0.000000E+00   3.452000E+03  1.226000E+04  9.166000E+04  6.084000E+05  2.203000E+06  4.865000E+06  2.751000E+08  0.000000E+00  0.000000E+00
 20  13   7  6   1.162000E-04  2.105000E-03  4.080000E-03  3.587000E-02  8.080000E-02  7.038000E-01  0.000000E+00  0.000000E+00  0.000000E+00   3.547000E+03  2.672000E+04  9.898000E+04  5.104000E+05  1.930000E+06  5.204000E+06  0.000000E+00  0.000000E+00  0.000000E+00
 20  14   6  7   2.456000E-04  1.305000E-03  5.715000E-03  3.863000E-02  1.100000E-01  6.152000E-01  1.463000E-03  0.000000E+00  0.000000E+00   3.806000E+03  2.310000E+04  1.194000E+05  6.171000E+05  2.656000E+06  5.600000E+06  8.556000E+07  0.000000E+00  0.000000E+00
 20  15   5  6   1.861000E-04  2.067000E-03  1.079000E-02  5.961000E-02  1.290000E-01  5.155000E-01  0.000000E+00  0.000000E+00  0.000000E+00   8.140000E+03  3.409000E+04  1.535000E+05  6.411000E+05  3.094000E+06  6.161000E+06  0.000000E+00  0.000000E+00  0.000000E+00
 20  16   4  7   2.892000E-03  7.663000E-03  2.689000E-02  5.718000E-02  2.681000E-01  1.709000E-01  2.262000E-02  0.000000E+00  0.000000E+00   1.990000E+04  8.624000E+04  3.180000E+05  8.480000E+05  5.735000E+06  3.300000E+07  7.268000E+07  0.000000E+00  0.000000E+00
 20  17   3  7   2.311000E-03  2.019000E-03  1.789000E-02  2.139000E-02  2.090000E-01  3.375000E-01  1.415000E-02  0.000000E+00  0.000000E+00   1.806000E+04  4.286000E+04  2.292000E+05  6.275000E+05  5.896000E+06  3.559000E+07  9.425000E+07  0.000000E+00  0.000000E+00
 20  18   2  3   1.659000E-01  3.186000E-01  1.801000E-02  0.000000E+00  0.000000E+00  0.000000E+00  0.000000E+00  0.000000E+00  0.000000E+00   3.186000E+07  4.085000E+07  5.068000E+07  0.000000E+00  0.000000E+00  0.000000E+00  0.000000E+00  0.000000E+00  0.000000E+00
 20  19   1  3   1.210000E-01  2.224000E-01 -6.832000E-03  0.000000E+00  0.000000E+00  0.000000E+00  0.000000E+00  0.000000E+00  0.000000E+00   3.296000E+07  4.485000E+07  6.312000E+07  0.000000E+00  0.000000E+00  0.000000E+00  0.000000E+00  0.000000E+00  0.000000E+00
 21   3  18  4   9.817000E-05  6.241000E-04  2.459000E-02  6.990000E-03  0.000000E+00  0.000000E+00  0.000000E+00  0.000000E+00  0.000000E+00   1.168000E+05  2.188000E+05  4.771000E+05  6.814000E+05  0.000000E+00  0.000000E+00  0.000000E+00  0.000000E+00  0.000000E+00
 21   6  15  6   7.711000E-05  3.320000E-04  1.185000E-03  3.018000E-03  3.683000E-02  1.090000E-01  0.000000E+00  0.000000E+00  0.000000E+00   7.290000E+02  4.815000E+03  2.084000E+04  8.815000E+04  3.484000E+05  5.082000E+05  0.000000E+00  0.000000E+00  0.000000E+00
 21   7  14  5   1.651000E-04  2.659000E-04  2.517000E-03  7.847000E-02  1.681000E-02  0.000000E+00  0.000000E+00  0.000000E+00  0.000000E+00   3.808000E+02  4.268000E+03  5.687000E+04  3.742000E+05  8.285000E+05  0.000000E+00  0.000000E+00  0.000000E+00  0.000000E+00
 21   8  13  6   2.469000E-04  1.117000E-03  2.186000E-03  5.852000E-03  4.537000E-02  6.999000E-02  0.000000E+00  0.000000E+00  0.000000E+00   6.596000E+02  6.965000E+03  3.489000E+04  9.014000E+04  2.722000E+05  4.595000E+05  0.000000E+00  0.000000E+00  0.000000E+00
 21   9  12  6   1.474000E-04  2.209000E-03  7.660000E-03  8.018000E-02  1.978000E-02  4.575000E-02  0.000000E+00  0.000000E+00  0.000000E+00   3.767000E+03  1.589000E+04  5.182000E+04  2.698000E+05  5.686000E+05  4.220000E+06  0.000000E+00  0.000000E+00  0.000000E+00
 21  10  11  7   1.120000E-04  1.532000E-03  2.899000E-03  5.815000E-02  9.603000E-03  1.027000E-01  6.511000E-04  0.000000E+00  0.000000E+00   2.655000E+03  1.861000E+04  5.316000E+04  2.604000E+05  1.186000E+06  4.210000E+06  1.896000E+07  0.000000E+00  0.000000E+00
 21  11  10  4   2.067000E-04  1.430000E-02  3.308000E-01  1.649000E-01  0.000000E+00  0.000000E+00  0.000000E+00  0.000000E+00  0.000000E+00   1.764000E+06  2.395000E+06  3.927000E+06  6.349000E+06  0.000000E+00  0.000000E+00  0.000000E+00  0.000000E+00  0.000000E+00
 21  12   9  6   2.048000E-05  8.478000E-05  3.820000E-04  8.275000E-03  7.064000E-02  6.447000E-01  0.000000E+00  0.000000E+00  0.000000E+00   3.207000E+03  1.856000E+04  9.749000E+04  6.277000E+05  2.072000E+06  5.017000E+06  0.000000E+00  0.000000E+00  0.000000E+00
 21  13   8  6   1.144000E-04  3.125000E-04  1.268000E-03  2.518000E-02  9.349000E-02  7.214000E-01  0.000000E+00  0.000000E+00  0.000000E+00   3.139000E+03  1.985000E+04  1.188000E+05  6.612000E+05  2.289000E+06  5.372000E+06  0.000000E+00  0.000000E+00  0.000000E+00
 21  14   7  7   3.682000E-04  1.807000E-03  8.768000E-03  6.135000E-02  4.530000E-01  4.869000E-01  2.122000E+02  0.000000E+00  0.000000E+00   1.077000E+03  2.773000E+04  1.191000E+05  7.264000E+05  4.368000E+06  6.703000E+06  2.140000E+10  0.000000E+00  0.000000E+00
 21  15   6  7   4.633000E-04  4.520000E-03  6.443000E-03  4.011000E-02  1.153000E-01  7.416000E-01  1.196000E-03  0.000000E+00  0.000000E+00   4.064000E+03  2.874000E+04  1.269000E+05  6.166000E+05  2.629000E+06  6.192000E+06  3.296000E+07  0.000000E+00  0.000000E+00
 21  16   5  8   5.204000E-04  3.285000E-03  1.138000E-02  5.197000E-02  4.114000E-02  3.664000E-01  3.606000E-01  1.025000E-03  0.000000E+00   1.904000E+04  4.914000E+04  1.555000E+05  6.245000E+05  1.656000E+06  5.193000E+06  7.497000E+06  6.055000E+07  0.000000E+00
 21  17   4  7   2.622000E-04  5.138000E-03  1.747000E-02  6.624000E-02  4.885000E-02  3.070000E-01  2.039000E-01  0.000000E+00  0.000000E+00   1.245000E+04  5.314000E+04  1.758000E+05  6.454000E+05  2.668000E+06  7.132000E+06  4.303000E+07  0.000000E+00  0.000000E+00
 21  18   3  7   1.195000E-03  3.051000E-03  1.122000E-02  2.845000E-02  1.077000E-01  1.698000E-01  3.629000E-01  0.000000E+00  0.000000E+00   1.717000E+04  7.782000E+04  2.123000E+05  4.903000E+05  4.753000E+06  8.942000E+06  4.303000E+07  0.000000E+00  0.000000E+00
 21  19   2  3   2.046000E-01  6.275000E-01 -2.876000E-01  0.000000E+00  0.000000E+00  0.000000E+00  0.000000E+00  0.000000E+00  0.000000E+00   3.521000E+07  5.102000E+07  5.741000E+07  0.000000E+00  0.000000E+00  0.000000E+00  0.000000E+00  0.000000E+00  0.000000E+00
 21  20   1  3   1.267000E-01  2.310000E-01  3.729000E-03  0.000000E+00  0.000000E+00  0.000000E+00  0.000000E+00  0.000000E+00  0.000000E+00   3.625000E+07  4.796000E+07  5.822000E+07  0.000000E+00  0.000000E+00  0.000000E+00  0.000000E+00  0.000000E+00  0.000000E+00
 22   4  18  7   1.006000E-06  1.245000E-06  4.318000E-06  1.821000E-05  7.904000E-05  6.040000E-04  8.457000E-02  0.000000E+00  0.000000E+00   1.560000E+01  9.886000E+01  3.714000E+02  1.409000E+03  5.921000E+03  4.110000E+04  5.130000E+05  0.000000E+00  0.000000E+00
 22   7  15  5   5.405000E-05  4.214000E-04  3.225000E-03  1.428000E-02  1.761000E-01  0.000000E+00  0.000000E+00  0.000000E+00  0.000000E+00   9.445000E+02  7.628000E+03  4.284000E+04  2.017000E+05  5.285000E+05  0.000000E+00  0.000000E+00  0.000000E+00  0.000000E+00
 22   8  14  5   4.657000E-04  1.194000E-03  2.720000E-03  3.812000E-02  8.260000E-02  0.000000E+00  0.000000E+00  0.000000E+00  0.000000E+00   8.056000E+02  6.038000E+03  3.964000E+04  2.517000E+05  6.006000E+05  0.000000E+00  0.000000E+00  0.000000E+00  0.000000E+00
 22   9  13  6   3.790000E-04  1.098000E-03  6.066000E-03  3.312000E-02  1.103000E-01  8.871000E-04  0.000000E+00  0.000000E+00  0.000000E+00   8.123000E+02  8.315000E+03  4.736000E+04  2.139000E+05  4.614000E+05  4.675000E+06  0.000000E+00  0.000000E+00  0.000000E+00
 22  10  12  6   8.273000E-04  2.017000E-03  1.378000E-02  1.013000E-01  1.471000E-02  7.139000E-02  0.000000E+00  0.000000E+00  0.000000E+00   2.485000E+03  1.024000E+04  7.455000E+04  3.173000E+05  9.210000E+05  4.932000E+06  0.000000E+00  0.000000E+00  0.000000E+00
 22  11  11  7   1.264000E-04  8.031000E-04  4.274000E-03  6.761000E-02  1.252000E-02  1.583000E-01  1.625000E-03  0.000000E+00  0.000000E+00   4.550000E+03  1.434000E+04  9.989000E+04  2.879000E+05  1.331000E+06  4.770000E+06  3.999000E+07  0.000000E+00  0.000000E+00
 22  12  10  4   2.689000E-04  2.456000E-02  4.341000E-01  1.991000E-01  0.000000E+00  0.000000E+00  0.000000E+00  0.000000E+00  0.000000E+00   1.950000E+06  2.697000E+06  4.469000E+06  7.175000E+06  0.000000E+00  0.000000E+00  0.000000E+00  0.000000E+00  0.000000E+00
 22  13   9  6   4.940000E-05  2.716000E-04  7.942000E-04  1.454000E-02  1.246000E-01  7.860000E-01  0.000000E+00  0.000000E+00  0.000000E+00   2.500000E+03  1.606000E+04  9.998000E+04  8.325000E+05  2.823000E+06  5.761000E+06  0.000000E+00  0.000000E+00  0.000000E+00
 22  14   8  7   6.250000E-05  5.040000E-04  3.140000E-03  3.137000E-02  9.763000E-02  8.181000E-01  8.169000E-02  0.000000E+00  0.000000E+00   3.878000E+03  2.410000E+04  1.302000E+05  7.612000E+05  2.654000E+06  5.705000E+06  9.183000E+06  0.000000E+00  0.000000E+00
 22  15   7  6   3.803000E-04  1.547000E-03  7.962000E-03  5.152000E-02  2.004000E-01  9.423000E-01  0.000000E+00  0.000000E+00  0.000000E+00   2.814000E+03  2.505000E+04  1.282000E+05  6.453000E+05  3.169000E+06  6.733000E+06  0.000000E+00  0.000000E+00  0.000000E+00
 22  16   6  6   4.345000E-03  5.154000E-03  9.236000E-03  4.555000E-02  1.538000E-01  8.330000E-01  0.000000E+00  0.000000E+00  0.000000E+00   4.104000E+03  2.231000E+04  1.461000E+05  6.829000E+05  3.109000E+06  6.933000E+06  0.000000E+00  0.000000E+00  0.000000E+00
 22  17   5  7   6.365000E-04  6.765000E-03  2.898000E-02  9.513000E-02  2.735000E-01  5.609000E-01  4.717000E-03  0.000000E+00  0.000000E+00   1.119000E+04  4.244000E+04  2.548000E+05  1.115000E+06  5.768000E+06  7.379000E+06  7.735000E+07  0.000000E+00  0.000000E+00
 22  18   4  7   1.298000E-03  8.940000E-03  2.140000E-02  7.490000E-02  8.937000E-02  3.141000E-01  2.311000E-01  0.000000E+00  0.000000E+00   1.249000E+04  4.779000E+04  2.104000E+05  7.527000E+05  4.104000E+06  8.141000E+06  4.660000E+07  0.000000E+00  0.000000E+00
 22  19   3  7   3.721000E-03  8.448000E-03  3.456000E-02  1.926000E-02  2.798000E-01  3.978000E-01  1.639000E-02  0.000000E+00  0.000000E+00   7.484000E+04  1.655000E+05  4.668000E+05  2.495000E+06  7.600000E+06  4.436000E+07  8.304000E+07  0.000000E+00  0.000000E+00
 22  20   2  3   2.099000E-01  3.706000E-01  1.402000E-03  0.000000E+00  0.000000E+00  0.000000E+00  0.000000E+00  0.000000E+00  0.000000E+00   3.861000E+07  5.000000E+07  3.341000E+08  0.000000E+00  0.000000E+00  0.000000E+00  0.000000E+00  0.000000E+00  0.000000E+00
 22  21   1  3   1.502000E-01  2.398000E-01 -5.507000E-03  0.000000E+00  0.000000E+00  0.000000E+00  0.000000E+00  0.000000E+00  0.000000E+00   3.982000E+07  5.399000E+07  8.472000E+07  0.000000E+00  0.000000E+00  0.000000E+00  0.000000E+00  0.000000E+00  0.000000E+00
 23   5  18  7   1.968000E-06  1.996000E-05  3.053000E-04  2.020000E-03  1.877000E-02  1.031000E-01  1.569000E-02  0.000000E+00  0.000000E+00   1.655000E+04  4.414000E+04  1.088000E+05  2.299000E+05  4.076000E+05  6.415000E+05  7.743000E+05  0.000000E+00  0.000000E+00
 23   8  15  6   1.550000E-04  8.054000E-04  5.293000E-03  1.276000E-02  1.525000E-01  7.472000E-02  0.000000E+00  0.000000E+00  0.000000E+00   9.354000E+02  7.189000E+03  3.145000E+04  1.479000E+05  4.901000E+05  7.414000E+05  0.000000E+00  0.000000E+00  0.000000E+00
 23   9  14  5   1.903000E-03  2.573000E-03  5.861000E-03  5.971000E-02  8.198000E-02  0.000000E+00  0.000000E+00  0.000000E+00  0.000000E+00   1.360000E+03  7.173000E+03  5.168000E+04  3.081000E+05  7.209000E+05  0.000000E+00  0.000000E+00  0.000000E+00  0.000000E+00
 23  10  13  6   1.890000E-03  4.228000E-03  2.996000E-03  1.893000E-02  1.404000E-01  1.579000E-02  0.000000E+00  0.000000E+00  0.000000E+00   1.324000E+03  9.205000E+03  4.735000E+04  1.345000E+05  4.262000E+05  1.116000E+06  0.000000E+00  0.000000E+00  0.000000E+00
 23  11  12  6   2.311000E-04  2.759000E-03  1.129000E-02  5.990000E-02  8.430000E-02  1.084000E-01  0.000000E+00  0.000000E+00  0.000000E+00   3.489000E+03  1.748000E+04  8.329000E+04  3.717000E+05  7.715000E+05  5.480000E+06  0.000000E+00  0.000000E+00  0.000000E+00
 23  12  11  7   3.510000E-05  1.137000E-03  8.161000E-03  7.833000E-02  2.057000E-02  5.152000E-02  1.922000E-01  0.000000E+00  0.000000E+00   1.209000E+04  4.097000E+04  1.163000E+05  3.182000E+05  1.659000E+06  4.589000E+06  5.804000E+06  0.000000E+00  0.000000E+00
 23  13  10  4   3.408000E-04  3.619000E-02  5.639000E-01  2.305000E-01  0.000000E+00  0.000000E+00  0.000000E+00  0.000000E+00  0.000000E+00   2.143000E+06  2.999000E+06  5.072000E+06  8.185000E+06  0.000000E+00  0.000000E+00  0.000000E+00  0.000000E+00  0.000000E+00
 23  14   9  6   7.220000E-05  1.162000E-03  1.712000E-04  1.673000E-02  1.883000E-01  9.285000E-01  0.000000E+00  0.000000E+00  0.000000E+00   7.649000E+03  2.484000E+04  1.204000E+05  8.823000E+05  3.324000E+06  6.527000E+06  0.000000E+00  0.000000E+00  0.000000E+00
 23  15   8  7   1.015000E-04  1.702000E-03  5.007000E-03  3.709000E-02  8.722000E-02  1.110000E+00  1.219000E-02  0.000000E+00  0.000000E+00   5.280000E+03  3.591000E+04  1.178000E+05  8.547000E+05  2.599000E+06  6.447000E+06  2.407000E+08  0.000000E+00  0.000000E+00
 23  16   7  7   3.125000E-04  3.092000E-03  1.216000E-02  6.128000E-02  1.730000E-01  1.162000E+00  1.752000E-01  0.000000E+00  0.000000E+00   1.030000E+04  4.604000E+04  1.480000E+05  7.860000E+05  3.301000E+06  7.175000E+06  8.061000E+09  0.000000E+00  0.000000E+00
 23  17   6  7   3.966000E-03  1.200000E-02  1.170000E-02  5.053000E-02  1.695000E-01  9.674000E-01  1.429000E-03  0.000000E+00  0.000000E+00   3.971000E+03  2.680000E+04  1.681000E+05  7.460000E+05  3.310000E+06  7.627000E+06  6.216000E+07  0.000000E+00  0.000000E+00
 23  18   5  7   5.340000E-04  1.560000E-02  1.793000E-02  7.154000E-02  1.275000E-01  8.764000E-01  1.790000E-03  0.000000E+00  0.000000E+00   1.739000E+04  6.203000E+04  1.932000E+05  7.356000E+05  3.164000E+06  7.921000E+06  9.982000E+07  0.000000E+00  0.000000E+00
 23  19   4  7   6.110000E-03  4.698000E-03  2.402000E-02  8.169000E-02  8.957000E-02  3.810000E-01  2.559000E-01  0.000000E+00  0.000000E+00   8.616000E+03  4.385000E+04  2.093000E+05  7.801000E+05  4.000000E+06  8.866000E+06  5.215000E+07  0.000000E+00  0.000000E+00
 23  20   3  7   3.460000E-03  1.000000E-02  4.023000E-02  5.697000E-02  2.868000E-01  4.377000E-01  9.160000E-03  0.000000E+00  0.000000E+00   5.654000E+04  1.457000E+05  4.975000E+05  4.206000E+06  9.053000E+06  5.038000E+07  4.061000E+09  0.000000E+00  0.000000E+00
 23  21   2  3   2.464000E-01  3.773000E-01 -8.236000E-03  0.000000E+00  0.000000E+00  0.000000E+00  0.000000E+00  0.000000E+00  0.000000E+00   4.229000E+07  5.601000E+07  8.486000E+07  0.000000E+00  0.000000E+00  0.000000E+00  0.000000E+00  0.000000E+00  0.000000E+00
 23  22   1  3   1.553000E-01  2.493000E-01  3.204000E-03  0.000000E+00  0.000000E+00  0.000000E+00  0.000000E+00  0.000000E+00  0.000000E+00   4.344000E+07  5.753000E+07  1.042000E+08  0.000000E+00  0.000000E+00  0.000000E+00  0.000000E+00  0.000000E+00  0.000000E+00
 24   6  18  7   3.022000E-06  2.606000E-05  4.024000E-04  2.740000E-03  1.102000E-02  5.602000E-02  1.199000E-01  0.000000E+00  0.000000E+00   5.649000E+03  1.664000E+04  5.521000E+04  1.263000E+05  2.463000E+05  5.499000E+05  7.764000E+05  0.000000E+00  0.000000E+00
 24   9  15  6   1.836000E-04  1.685000E-03  9.324000E-03  2.860000E-02  2.547000E-01  7.845000E-03  0.000000E+00  0.000000E+00  0.000000E+00   1.568000E+03  1.062000E+04  3.733000E+04  2.030000E+05  6.120000E+05  1.637000E+06  0.000000E+00  0.000000E+00  0.000000E+00
 24  10  14  5   2.687000E-03  4.814000E-03  6.995000E-03  9.119000E-02  8.006000E-02  0.000000E+00  0.000000E+00  0.000000E+00  0.000000E+00   1.403000E+03  8.418000E+03  6.683000E+04  3.746000E+05  8.827000E+05  0.000000E+00  0.000000E+00  0.000000E+00  0.000000E+00
 24  11  13  6   5.673000E-04  4.535000E-03  1.529000E-02  9.037000E-02  1.048000E-01  1.036000E-03  0.000000E+00  0.000000E+00  0.000000E+00   3.088000E+03  1.472000E+04  7.208000E+04  3.179000E+05  6.479000E+05  5.645000E+06  0.000000E+00  0.000000E+00  0.000000E+00
 24  12  12  6   5.905000E-05  9.600000E-04  6.084000E-03  1.501000E-01  3.658000E-02  1.516000E-01  0.000000E+00  0.000000E+00  0.000000E+00   3.264000E+03  1.786000E+04  1.155000E+05  5.017000E+05  1.482000E+06  6.212000E+06  0.000000E+00  0.000000E+00  0.000000E+00
 24  13  11  7   1.437000E-04  2.295000E-03  1.174000E-02  8.706000E-02  3.242000E-02  1.170000E-01  2.616000E-01  0.000000E+00  0.000000E+00   8.994000E+03  2.734000E+04  1.091000E+05  3.430000E+05  1.913000E+06  5.724000E+06  6.593000E+06  0.000000E+00  0.000000E+00
 24  14  10  4   4.254000E-04  4.884000E-02  7.084000E-01  2.630000E-01  0.000000E+00  0.000000E+00  0.000000E+00  0.000000E+00  0.000000E+00   2.344000E+06  3.315000E+06  5.702000E+06  9.254000E+06  0.000000E+00  0.000000E+00  0.000000E+00  0.000000E+00  0.000000E+00
 24  15   9  6   4.964000E-05  1.759000E-04  4.590000E-04  1.902000E-02  2.169000E-01  1.123000E+00  0.000000E+00  0.000000E+00  0.000000E+00   3.497000E+03  2.756000E+04  1.387000E+05  9.092000E+05  3.640000E+06  7.150000E+06  0.000000E+00  0.000000E+00  0.000000E+00
 24  16   8  7   2.054000E-04  3.637000E-03  3.150000E-03  4.207000E-02  9.411000E-02  4.532000E-01  8.638000E-01  0.000000E+00  0.000000E+00   6.785000E+03  3.673000E+04  1.330000E+05  9.161000E+05  3.229000E+06  5.409000E+06  8.193000E+06  0.000000E+00  0.000000E+00
 24  17   7  5   3.284000E-03  9.460000E-03  5.698000E-02  2.407000E-01  1.314000E+00  0.000000E+00  0.000000E+00  0.000000E+00  0.000000E+00   1.545000E+04  7.077000E+04  6.005000E+05  3.383000E+06  7.993000E+06  0.000000E+00  0.000000E+00  0.000000E+00  0.000000E+00
 24  18   6  6   1.192000E-03  6.885000E-03  1.333000E-02  5.489000E-02  2.236000E-01  1.064000E+00  0.000000E+00  0.000000E+00  0.000000E+00   3.361000E+03  4.103000E+04  1.708000E+05  7.629000E+05  3.700000E+06  8.444000E+06  0.000000E+00  0.000000E+00  0.000000E+00
 24  19   5  6   1.967000E-03  2.196000E-02  4.625000E-02  9.195000E-02  3.504000E-01  7.530000E-01  0.000000E+00  0.000000E+00  0.000000E+00   1.379000E+04  4.931000E+04  3.818000E+05  1.261000E+06  5.632000E+06  9.397000E+06  0.000000E+00  0.000000E+00  0.000000E+00
 24  20   4  7   7.589000E-04  6.974000E-03  2.863000E-02  8.418000E-02  6.213000E-02  4.842000E-01  2.945000E-01  0.000000E+00  0.000000E+00   1.649000E+04  6.090000E+04  2.490000E+05  8.212000E+05  3.487000E+06  8.974000E+06  5.391000E+07  0.000000E+00  0.000000E+00
 24  21   3  7   1.816000E-03  6.886000E-03  2.060000E-02  3.264000E-02  7.836000E-02  3.028000E-01  4.671000E-01  0.000000E+00  0.000000E+00   3.007000E+04  7.941000E+04  2.916000E+05  6.417000E+05  4.998000E+06  1.008000E+07  5.476000E+07  0.000000E+00  0.000000E+00
 24  22   2  4   2.486000E-01  3.758000E-01  2.241000E-02  6.461000E-04  0.000000E+00  0.000000E+00  0.000000E+00  0.000000E+00  0.000000E+00   4.601000E+07  5.914000E+07  7.241000E+07  3.231000E+08  0.000000E+00  0.000000E+00  0.000000E+00  0.000000E+00  0.000000E+00
 24  23   1  3   1.869000E-01  2.586000E-01 -1.771000E-02  0.000000E+00  0.000000E+00  0.000000E+00  0.000000E+00  0.000000E+00  0.000000E+00   4.748000E+07  6.610000E+07  1.079000E+08  0.000000E+00  0.000000E+00  0.000000E+00  0.000000E+00  0.000000E+00  0.000000E+00
 25   7  18  7   4.596000E-05  1.499000E-04  1.960000E-03  5.060000E-03  7.040000E-03  3.421000E-02  1.963000E-01  0.000000E+00  0.000000E+00   3.284000E+03  1.111000E+04  2.818000E+04  7.017000E+04  1.681000E+05  4.343000E+05  8.056000E+05  0.000000E+00  0.000000E+00
 25  10  15  7   4.937000E-04  4.683000E-03  1.652000E-02  2.004000E-02  2.028000E-01  1.220000E-01  1.117000E-03  0.000000E+00  0.000000E+00   1.560000E+03  1.424000E+04  5.418000E+04  1.803000E+05  5.459000E+05  8.934000E+05  1.096000E+07  0.000000E+00  0.000000E+00
 25  11  14  5   1.040000E-03  4.548000E-03  1.134000E-02  1.253000E-01  8.492000E-02  0.000000E+00  0.000000E+00  0.000000E+00  0.000000E+00   1.521000E+03  1.177000E+04  7.406000E+04  4.268000E+05  1.058000E+06  0.000000E+00  0.000000E+00  0.000000E+00  0.000000E+00
 25  12  13  5   3.619000E-03  1.022000E-02  3.306000E-02  1.849000E-01  2.400000E-02  0.000000E+00  0.000000E+00  0.000000E+00  0.000000E+00   2.073000E+03  1.764000E+04  1.380000E+05  4.954000E+05  1.526000E+06  0.000000E+00  0.000000E+00  0.000000E+00  0.000000E+00
 25  13  12  6   2.366000E-03  5.896000E-03  3.070000E-02  1.583000E-01  3.571000E-02  1.973000E-01  0.000000E+00  0.000000E+00  0.000000E+00   3.889000E+03  1.914000E+04  1.155000E+05  4.511000E+05  3.366000E+06  7.114000E+06  0.000000E+00  0.000000E+00  0.000000E+00
 25  14  11  6   1.050000E-03  5.850000E-03  1.115000E-02  9.993000E-02  6.156000E-02  5.521000E-01  0.000000E+00  0.000000E+00  0.000000E+00   9.125000E+03  2.730000E+04  1.065000E+05  3.718000E+05  2.640000E+06  7.225000E+06  0.000000E+00  0.000000E+00  0.000000E+00
 25  15  10  4   4.460000E-04  5.456000E-02  8.950000E-01  2.852000E-01  0.000000E+00  0.000000E+00  0.000000E+00  0.000000E+00  0.000000E+00   2.546000E+06  3.590000E+06  6.378000E+06  1.074000E+07  0.000000E+00  0.000000E+00  0.000000E+00  0.000000E+00  0.000000E+00
 25  16   9  6   6.185000E-05  2.207000E-04  1.158000E-03  2.408000E-02  3.187000E-01  1.264000E+00  0.000000E+00  0.000000E+00  0.000000E+00   9.539000E+03  3.721000E+04  1.897000E+05  1.026000E+06  4.201000E+06  8.097000E+06  0.000000E+00  0.000000E+00  0.000000E+00
 25  17   8  7   1.965000E-04  2.932000E-03  3.563000E-03  4.839000E-02  2.397000E-01  1.389000E+00  1.099000E-02  0.000000E+00  0.000000E+00   4.767000E+03  3.913000E+04  1.690000E+05  9.825000E+05  3.938000E+06  8.149000E+06  7.460000E+07  0.000000E+00  0.000000E+00
 25  18   7  7   6.023000E-04  5.840000E-03  1.247000E-02  7.276000E-02  3.120000E-01  1.458000E+00  1.656000E-03  0.000000E+00  0.000000E+00   5.132000E+03  4.604000E+04  1.923000E+05  8.460000E+05  4.222000E+06  8.800000E+06  4.998000E+07  0.000000E+00  0.000000E+00
 25  19   6  7   1.599000E-03  1.369000E-02  1.904000E-02  6.204000E-02  1.699000E-01  1.256000E+00  6.804000E-03  0.000000E+00  0.000000E+00   7.070000E+03  4.902000E+04  1.967000E+05  9.486000E+05  3.444000E+06  8.852000E+06  8.895000E+07  0.000000E+00  0.000000E+00
 25  20   5  6   6.583000E-03  7.778000E-03  2.528000E-02  8.838000E-02  1.883000E-01  1.090000E+00  0.000000E+00  0.000000E+00  0.000000E+00   1.190000E+04  4.090000E+04  2.244000E+05  8.350000E+05  3.911000E+06  9.518000E+06  0.000000E+00  0.000000E+00  0.000000E+00
 25  21   4  7   2.538000E-03  6.556000E-03  3.347000E-02  9.530000E-02  1.447000E-01  4.758000E-01  3.096000E-01  0.000000E+00  0.000000E+00   2.787000E+04  7.497000E+04  2.640000E+05  9.107000E+05  5.213000E+06  1.063000E+07  5.943000E+07  0.000000E+00  0.000000E+00
 25  22   3  7   1.940000E-03  8.212000E-03  4.637000E-02  3.049000E-02  3.855000E-01  4.926000E-01  2.514000E-02  0.000000E+00  0.000000E+00   7.799000E+03  7.236000E+04  3.949000E+05  1.891000E+06  9.560000E+06  5.555000E+07  1.525000E+08  0.000000E+00  0.000000E+00
 25  23   2  3   2.977000E-01  1.039000E+00 -6.600000E-01  0.000000E+00  0.000000E+00  0.000000E+00  0.000000E+00  0.000000E+00  0.000000E+00   5.018000E+07  7.823000E+07  8.614000E+07  0.000000E+00  0.000000E+00  0.000000E+00  0.000000E+00  0.000000E+00  0.000000E+00
 25  24   1  3   1.708000E-01  2.665000E-01  8.877000E-03  0.000000E+00  0.000000E+00  0.000000E+00  0.000000E+00  0.000000E+00  0.000000E+00   5.114000E+07  6.658000E+07  9.660000E+07  0.000000E+00  0.000000E+00  0.000000E+00  0.000000E+00  0.000000E+00  0.000000E+00
 26   6  20  5   3.131559E-05  7.003319E-05  2.312676E-04  4.469003E-03  2.079159E-01  0.000000E+00  0.000000E+00  0.000000E+00  0.000000E+00   9.637564E+02  9.897459E+03  3.948147E+04  2.588423E+05  7.895331E+05  0.000000E+00  0.000000E+00  0.000000E+00  0.000000E+00
 26   7  19  5   1.149594E-04  3.656008E-04  1.276590E-03  1.435751E-02  4.068012E-01  0.000000E+00  0.000000E+00  0.000000E+00  0.000000E+00   1.675600E+03  1.072256E+04  6.330241E+04  2.370815E+05  8.194089E+05  0.000000E+00  0.000000E+00  0.000000E+00  0.000000E+00
 26   8  18  6   7.421000E-04  2.526000E-03  4.605000E-03  1.489000E-02  5.891000E-02  2.318000E-01  0.000000E+00  0.000000E+00  0.000000E+00   3.468000E+03  1.353000E+04  3.690000E+04  1.957000E+05  4.630000E+05  8.202000E+05  0.000000E+00  0.000000E+00  0.000000E+00
 26   9  17  6   5.335000E-04  1.827000E-03  4.851000E-03  2.710000E-02  8.226000E-02  3.147000E-01  0.000000E+00  0.000000E+00  0.000000E+00   2.032000E+03  1.018000E+04  4.638000E+04  1.698000E+05  4.499000E+05  7.880000E+05  0.000000E+00  0.000000E+00  0.000000E+00
 26  10  16  6   9.073000E-04  3.777000E-03  1.027000E-02  3.321000E-02  8.529000E-02  2.778000E-01  0.000000E+00  0.000000E+00  0.000000E+00   1.525000E+03  1.071000E+04  4.033000E+04  1.564000E+05  4.196000E+05  7.580000E+05  0.000000E+00  0.000000E+00  0.000000E+00
 26  11  15  6   1.074000E-03  6.080000E-03  1.887000E-02  2.540000E-02  7.580000E-02  2.773000E-01  0.000000E+00  0.000000E+00  0.000000E+00   1.387000E+03  1.048000E+04  3.955000E+04  1.461000E+05  4.010000E+05  7.208000E+05  0.000000E+00  0.000000E+00  0.000000E+00
 26  12  14  6   3.266000E-03  7.637000E-03  1.005000E-02  2.527000E-02  6.389000E-02  1.564000E-01  0.000000E+00  0.000000E+00  0.000000E+00   1.242000E+03  1.001000E+04  4.466000E+04  1.497000E+05  3.919000E+05  6.853000E+05  0.000000E+00  0.000000E+00  0.000000E+00
 26  13  13  8   1.090000E-03  7.801000E-03  1.132000E-02  4.740000E-02  1.990000E-01  3.379000E-02  1.140000E-01  1.250000E-01  0.000000E+00   1.246000E+03  1.063000E+04  4.719000E+04  1.952000E+05  5.637000E+05  2.248000E+06  7.202000E+06  3.999000E+09  0.000000E+00
 26  14  12  7   5.636000E-04  7.390000E-03  3.635000E-02  1.693000E-01  3.315000E-02  2.288000E-01  7.316000E-02  0.000000E+00  0.000000E+00   3.628000E+03  2.432000E+04  1.226000E+05  4.351000E+05  1.411000E+06  6.589000E+06  1.030000E+07  0.000000E+00  0.000000E+00
 26  15  11  6   7.676000E-04  5.587000E-03  1.152000E-01  4.929000E-02  7.274000E-01  7.347000E-03  0.000000E+00  0.000000E+00  0.000000E+00   2.935000E+04  8.158000E+04  3.591000E+05  1.735000E+06  7.545000E+06  4.634000E+07  0.000000E+00  0.000000E+00  0.000000E+00
 26  16  10  5   6.342000E-04  8.350000E-02  1.045000E+00  3.663000E-01 -3.955000E-02  0.000000E+00  0.000000E+00  0.000000E+00  0.000000E+00   2.770000E+06  3.978000E+06  7.052000E+06  1.300000E+07  3.579000E+07  0.000000E+00  0.000000E+00  0.000000E+00  0.000000E+00
 26  17   9  6   8.207000E-05  2.766000E-04  1.897000E-03  2.842000E-02  4.022000E-01  1.434000E+00  0.000000E+00  0.000000E+00  0.000000E+00   6.365000E+03  3.842000E+04  2.002000E+05  1.150000E+06  4.736000E+06  8.891000E+06  0.000000E+00  0.000000E+00  0.000000E+00
 26  18   8  6   2.033000E-04  1.159000E-03  5.567000E-03  5.482000E-02  3.370000E-01  1.518000E+00  0.000000E+00  0.000000E+00  0.000000E+00   3.502000E+03  3.557000E+04  2.177000E+05  1.078000E+06  4.515000E+06  9.050000E+06  0.000000E+00  0.000000E+00  0.000000E+00
 26  19   7  7   2.106000E-03  6.569000E-03  1.532000E-02  3.799000E-02  7.669000E-02  6.701000E-01  1.298000E+00  0.000000E+00  0.000000E+00   4.463000E+03  3.545000E+04  1.944000E+05  6.148000E+05  1.635000E+06  6.100000E+06  1.026000E+07  0.000000E+00  0.000000E+00
 26  20   6  7   2.565000E-03  1.685000E-02  1.827000E-02  6.957000E-02  3.254000E-01  5.101000E-01  7.325000E-01  0.000000E+00  0.000000E+00   6.553000E+03  4.351000E+04  2.059000E+05  9.250000E+05  4.610000E+06  1.019000E+07  1.019000E+07  0.000000E+00  0.000000E+00
 26  21   5  6   8.382000E-03  7.897000E-03  3.157000E-02  1.159000E-01  3.919000E-01  1.017000E+00  0.000000E+00  0.000000E+00  0.000000E+00   5.297000E+03  5.829000E+04  2.454000E+05  9.663000E+05  5.580000E+06  1.110000E+07  0.000000E+00  0.000000E+00  0.000000E+00
 26  22   4  7   2.325000E-03  1.017000E-02  3.572000E-02  9.882000E-02  1.156000E-01  5.792000E-01  3.344000E-01  0.000000E+00  0.000000E+00   1.376000E+04  8.251000E+04  2.794000E+05  9.378000E+05  4.688000E+06  1.106000E+07  6.543000E+07  0.000000E+00  0.000000E+00
 26  23   3  7   7.882000E-03  1.636000E-02  4.868000E-02  4.230000E-02  4.151000E-01  5.339000E-01  4.544000E-03  0.000000E+00  0.000000E+00   5.977000E+04  2.074000E+05  6.170000E+05  3.789000E+06  1.086000E+07  6.363000E+07  1.599000E+08  0.000000E+00  0.000000E+00
 26  24   2  3   2.676000E-01  4.097000E-01  2.990000E-02  0.000000E+00  0.000000E+00  0.000000E+00  0.000000E+00  0.000000E+00  0.000000E+00   5.394000E+07  6.854000E+07  9.651000E+07  0.000000E+00  0.000000E+00  0.000000E+00  0.000000E+00  0.000000E+00  0.000000E+00
 26  25   1  3   1.984000E-01  2.676000E-01 -2.293000E-03  0.000000E+00  0.000000E+00  0.000000E+00  0.000000E+00  0.000000E+00  0.000000E+00   5.552000E+07  7.475000E+07  1.236000E+08  0.000000E+00  0.000000E+00  0.000000E+00  0.000000E+00  0.000000E+00  0.000000E+00
 27   9  18  7   1.549000E-05  2.685000E-04  4.341000E-04  3.670000E-03  1.555000E-02  5.304000E-02  2.857000E-01  0.000000E+00  0.000000E+00   1.277000E+03  9.012000E+03  2.895000E+04  9.202000E+04  1.782000E+05  4.485000E+05  9.033000E+05  0.000000E+00  0.000000E+00
 27  12  15  6   1.168000E-03  8.046000E-03  2.943000E-02  1.254000E-01  3.295000E-01  1.324000E-02  0.000000E+00  0.000000E+00  0.000000E+00   1.301000E+03  1.831000E+04  8.030000E+04  3.857000E+05  8.665000E+05  3.181000E+06  0.000000E+00  0.000000E+00  0.000000E+00
 27  13  14  5   3.163000E-03  1.128000E-02  2.548000E-02  1.987000E-01  9.730000E-02  0.000000E+00  0.000000E+00  0.000000E+00  0.000000E+00   3.776000E+03  1.896000E+04  1.067000E+05  5.476000E+05  1.588000E+06  0.000000E+00  0.000000E+00  0.000000E+00  0.000000E+00
 27  14  13  6   2.468000E-03  1.431000E-02  2.679000E-02  7.484000E-02  1.983000E-01  2.958000E-02  0.000000E+00  0.000000E+00  0.000000E+00   5.617000E+03  2.330000E+04  1.090000E+05  3.255000E+05  6.669000E+05  2.293000E+06  0.000000E+00  0.000000E+00  0.000000E+00
 27  15  12  6   9.588000E-04  6.088000E-03  6.343000E-02  2.017000E-01  3.882000E-01  1.544000E-02  0.000000E+00  0.000000E+00  0.000000E+00   4.456000E+03  2.764000E+04  1.538000E+05  5.872000E+05  7.474000E+06  2.795000E+07  0.000000E+00  0.000000E+00  0.000000E+00
 27  16  11  6   1.243000E-03  8.226000E-03  1.223000E-01  4.428000E-02  3.794000E-01  5.032000E-01  0.000000E+00  0.000000E+00  0.000000E+00   1.105000E+04  8.003000E+04  3.613000E+05  1.193000E+06  6.235000E+06  9.861000E+06  0.000000E+00  0.000000E+00  0.000000E+00
 27  17  10  5   6.806000E-04  1.110000E-01  1.257000E+00  3.878000E-01 -5.179000E-02  0.000000E+00  0.000000E+00  0.000000E+00  0.000000E+00   2.987000E+06  4.313000E+06  7.789000E+06  1.499000E+07  3.363000E+07  0.000000E+00  0.000000E+00  0.000000E+00  0.000000E+00
 27  18   9  6   9.885000E-05  5.007000E-04  2.833000E-03  3.415000E-02  3.743000E-01  1.703000E+00  0.000000E+00  0.000000E+00  0.000000E+00   1.717000E+04  5.894000E+04  2.005000E+05  1.290000E+06  4.814000E+06  9.477000E+06  0.000000E+00  0.000000E+00  0.000000E+00
 27  19   8  7   2.682000E-04  1.349000E-03  8.470000E-03  6.186000E-02  2.756000E-01  1.780000E+00  9.760000E-03  0.000000E+00  0.000000E+00   8.868000E+03  4.371000E+04  2.387000E+05  1.191000E+06  4.431000E+06  9.551000E+06  1.029000E+08  0.000000E+00  0.000000E+00
 27  20   7  7   1.762000E-03  7.320000E-03  2.261000E-02  8.218000E-02  3.839000E-01  1.870000E+00  4.275000E-03  0.000000E+00  0.000000E+00   8.757000E+03  6.061000E+04  2.139000E+05  9.470000E+05  4.648000E+06  1.032000E+07  1.135000E+09  0.000000E+00  0.000000E+00
 27  21   6  7   6.548000E-03  1.320000E-02  2.041000E-02  5.761000E-02  1.957000E-01  1.548000E+00  8.802000E-03  0.000000E+00  0.000000E+00   9.540000E+03  5.179000E+04  2.080000E+05  8.238000E+05  3.231000E+06  1.027000E+07  1.379000E+08  0.000000E+00  0.000000E+00
 27  22   5  7   1.779000E-03  1.380000E-02  2.925000E-02  8.643000E-02  7.008000E-02  3.650000E-01  1.135000E+00  0.000000E+00  0.000000E+00   4.049000E+04  9.900000E+04  2.980000E+05  8.863000E+05  2.319000E+06  6.460000E+06  1.173000E+07  0.000000E+00  0.000000E+00
 27  23   4  7   1.446000E-03  1.781000E-02  3.354000E-02  9.668000E-02  7.855000E-02  6.874000E-01  3.720000E-01  0.000000E+00  0.000000E+00   3.101000E+04  1.005000E+05  3.213000E+05  9.070000E+05  3.183000E+06  1.108000E+07  6.647000E+07  0.000000E+00  0.000000E+00
 27  24   3  7   9.309000E-03  1.889000E-02  5.291000E-02  5.813000E-02  4.330000E-01  5.388000E-01  3.519000E-02  0.000000E+00  0.000000E+00   5.352000E+04  2.143000E+05  6.564000E+05  4.354000E+06  1.180000E+07  6.509000E+07  1.653000E+08  0.000000E+00  0.000000E+00
 27  25   2  3   3.096000E-01  5.586000E-01 -1.398000E-01  0.000000E+00  0.000000E+00  0.000000E+00  0.000000E+00  0.000000E+00  0.000000E+00   5.844000E+07  8.074000E+07  9.415000E+07  0.000000E+00  0.000000E+00  0.000000E+00  0.000000E+00  0.000000E+00  0.000000E+00
 27  26   1  3   1.911000E-01  2.768000E-01  1.122000E-02  0.000000E+00  0.000000E+00  0.000000E+00  0.000000E+00  0.000000E+00  0.000000E+00   5.966000E+07  7.765000E+07  1.418000E+08  0.000000E+00  0.000000E+00  0.000000E+00  0.000000E+00  0.000000E+00  0.000000E+00
 28  10  18  7   1.715000E-04  5.967000E-04  2.660000E-03  7.130000E-03  1.782000E-02  8.587000E-02  3.393000E-01  0.000000E+00  0.000000E+00   1.929000E+03  9.502000E+03  2.690000E+04  6.006000E+04  1.438000E+05  4.627000E+05  1.020000E+06  0.000000E+00  0.000000E+00
 28  13  15  6   2.770000E-03  1.016000E-02  3.693000E-02  1.980000E-01  3.144000E-01  1.489000E-02  0.000000E+00  0.000000E+00  0.000000E+00   2.830000E+03  2.062000E+04  9.795000E+04  4.670000E+05  1.028000E+06  3.436000E+06  0.000000E+00  0.000000E+00  0.000000E+00
 28  14  14  5   3.306000E-03  1.699000E-02  3.525000E-02  2.401000E-01  1.102000E-01  0.000000E+00  0.000000E+00  0.000000E+00  0.000000E+00   2.329000E+03  1.982000E+04  1.156000E+05  6.074000E+05  1.911000E+06  0.000000E+00  0.000000E+00  0.000000E+00  0.000000E+00
 28  15  13  6   1.625000E-03  1.378000E-02  3.880000E-02  2.383000E-01  8.871000E-02  2.939000E-03  0.000000E+00  0.000000E+00  0.000000E+00   8.084000E+03  3.157000E+04  1.345000E+05  5.162000E+05  1.462000E+06  1.199000E+07  0.000000E+00  0.000000E+00  0.000000E+00
 28  16  12  6   1.245000E-03  9.965000E-03  7.187000E-02  2.085000E-01  1.244000E-01  3.076000E-01  0.000000E+00  0.000000E+00  0.000000E+00   4.018000E+03  3.701000E+04  1.603000E+05  6.190000E+05  5.227000E+06  1.031000E+07  0.000000E+00  0.000000E+00  0.000000E+00
 28  17  11  7   3.419000E-04  4.806000E-03  3.420000E-02  1.305000E-01  1.145000E-01  9.603000E-01  1.076000E-02  0.000000E+00  0.000000E+00   1.531000E+04  4.515000E+04  1.905000E+05  4.703000E+05  3.115000E+06  9.270000E+06  3.490000E+07  0.000000E+00  0.000000E+00
 28  18  10  5   8.974000E-04  1.503000E-01  1.430000E+00  4.124000E-01 -4.913000E-02  0.000000E+00  0.000000E+00  0.000000E+00  0.000000E+00   3.226000E+06  4.706000E+06  8.532000E+06  1.628000E+07  5.007000E+07  0.000000E+00  0.000000E+00  0.000000E+00  0.000000E+00
 28  19   9  6   1.505000E-04  1.332000E-03  4.083000E-03  3.905000E-02  3.896000E-01  1.942000E+00  0.000000E+00  0.000000E+00  0.000000E+00   4.752000E+03  5.608000E+04  1.810000E+05  1.397000E+06  5.038000E+06  1.021000E+07  0.000000E+00  0.000000E+00  0.000000E+00
 28  20   8  6   2.734000E-04  1.839000E-03  1.211000E-02  6.867000E-02  4.983000E-01  1.834000E+00  0.000000E+00  0.000000E+00  0.000000E+00   8.502000E+03  5.098000E+04  2.427000E+05  1.291000E+06  5.474000E+06  1.089000E+07  0.000000E+00  0.000000E+00  0.000000E+00
 28  21   7  6   1.685000E-03  1.129000E-02  2.219000E-02  8.431000E-02  3.983000E-01  2.101000E+00  0.000000E+00  0.000000E+00  0.000000E+00   2.629000E+03  6.494000E+04  2.360000E+05  9.672000E+05  4.719000E+06  1.108000E+07  0.000000E+00  0.000000E+00  0.000000E+00
 28  22   6  6   2.180000E-03  1.906000E-02  2.225000E-02  8.285000E-02  3.426000E-01  1.528000E+00  0.000000E+00  0.000000E+00  0.000000E+00   1.389000E+04  6.990000E+04  2.700000E+05  1.049000E+06  4.925000E+06  1.177000E+07  0.000000E+00  0.000000E+00  0.000000E+00
 28  23   5  6   2.382000E-03  1.513000E-02  8.457000E-02  1.696000E-01  1.374000E+00  2.096000E-01  0.000000E+00  0.000000E+00  0.000000E+00   3.084000E+04  8.144000E+04  4.681000E+05  2.054000E+06  1.035000E+07  1.918000E+07  0.000000E+00  0.000000E+00  0.000000E+00
 28  24   4  7   2.440000E-03  2.224000E-02  4.605000E-02  1.136000E-01  3.381000E-01  5.177000E-01  3.585000E-01  0.000000E+00  0.000000E+00   3.553000E+04  9.508000E+04  3.809000E+05  1.134000E+06  7.503000E+06  1.526000E+07  7.788000E+07  0.000000E+00  0.000000E+00
 28  25   3  7   5.138000E-03  1.029000E-02  4.025000E-02  4.055000E-02  2.531000E-01  3.105000E-01  5.583000E-01  0.000000E+00  0.000000E+00   3.365000E+04  8.242000E+04  3.905000E+05  9.752000E+05  8.317000E+06  1.700000E+07  7.728000E+07  0.000000E+00  0.000000E+00
 28  26   2  3   2.934000E-01  4.324000E-01  2.800000E-02  0.000000E+00  0.000000E+00  0.000000E+00  0.000000E+00  0.000000E+00  0.000000E+00   6.268000E+07  7.990000E+07  1.212000E+08  0.000000E+00  0.000000E+00  0.000000E+00  0.000000E+00  0.000000E+00  0.000000E+00
 28  27   1  3   2.240000E-01  2.794000E-01 -1.172000E-02  0.000000E+00  0.000000E+00  0.000000E+00  0.000000E+00  0.000000E+00  0.000000E+00   6.452000E+07  8.855000E+07  1.508000E+08  0.000000E+00  0.000000E+00  0.000000E+00  0.000000E+00  0.000000E+00  0.000000E+00
 29  11  18  7   5.843000E-04  1.690000E-03  6.440000E-03  1.388000E-02  2.954000E-02  1.494000E-01  3.518000E-01  0.000000E+00  0.000000E+00   4.706000E+03  1.541000E+04  2.982000E+04  7.313000E+04  2.166000E+05  6.000000E+05  1.160000E+06  0.000000E+00  0.000000E+00
 29  14  15  6   3.697000E-03  1.857000E-02  3.525000E-02  8.374000E-02  4.211000E-01  1.026000E-01  0.000000E+00  0.000000E+00  0.000000E+00   3.635000E+03  2.528000E+04  1.012000E+05  3.042000E+05  8.122000E+05  2.264000E+06  0.000000E+00  0.000000E+00  0.000000E+00
 29  15  14  6   7.276000E-03  2.120000E-02  4.385000E-02  2.783000E-01  1.308000E-01  1.513000E-03  0.000000E+00  0.000000E+00  0.000000E+00   2.466000E+03  2.273000E+04  1.338000E+05  6.643000E+05  2.220000E+06  1.217000E+07  0.000000E+00  0.000000E+00  0.000000E+00
 29  16  13  6   7.414000E-03  1.432000E-02  4.162000E-02  1.341000E-01  2.017000E-01  5.222000E-02  0.000000E+00  0.000000E+00  0.000000E+00   2.345000E+03  2.462000E+04  1.253000E+05  4.128000E+05  7.957000E+05  2.533000E+06  0.000000E+00  0.000000E+00  0.000000E+00
 29  17  12  6   2.213000E-03  2.605000E-02  8.267000E-02  2.375000E-01  5.413000E-01  1.318000E-01  0.000000E+00  0.000000E+00  0.000000E+00   6.663000E+03  3.949000E+04  2.018000E+05  7.130000E+05  8.237000E+06  1.545000E+07  0.000000E+00  0.000000E+00  0.000000E+00
 29  18  11  6   3.268000E-03  8.279000E-03  4.809000E-02  1.384000E-01  2.247000E-01  1.030000E+00  0.000000E+00  0.000000E+00  0.000000E+00   1.353000E+04  6.265000E+04  2.089000E+05  5.423000E+05  4.439000E+06  1.059000E+07  0.000000E+00  0.000000E+00  0.000000E+00
 29  19  10  5   9.665000E-04  1.824000E-01  1.644000E+00  4.420000E-01 -6.744000E-02  0.000000E+00  0.000000E+00  0.000000E+00  0.000000E+00   3.459000E+06  5.060000E+06  9.326000E+06  1.865000E+07  4.223000E+07  0.000000E+00  0.000000E+00  0.000000E+00  0.000000E+00
 29  20   9  6   2.533000E-04  3.926000E-03  1.910000E-03  4.301000E-02  6.300000E-01  1.961000E+00  0.000000E+00  0.000000E+00  0.000000E+00   2.540000E+04  6.956000E+04  2.377000E+05  1.466000E+06  6.001000E+06  1.145000E+07  0.000000E+00  0.000000E+00  0.000000E+00
 29  21   8  7   2.772000E-04  3.515000E-03  1.847000E-02  7.789000E-02  5.809000E-01  1.927000E+00  6.583000E-02  0.000000E+00  0.000000E+00   3.945000E+03  6.464000E+04  2.459000E+05  1.417000E+06  6.008000E+06  1.154000E+07  2.664000E+07  0.000000E+00  0.000000E+00
 29  22   7  6   3.540000E-03  1.067000E-02  3.050000E-02  9.291000E-02  5.694000E-01  2.180000E+00  0.000000E+00  0.000000E+00  0.000000E+00   1.603000E+03  6.812000E+04  2.659000E+05  1.076000E+06  5.614000E+06  1.223000E+07  0.000000E+00  0.000000E+00  0.000000E+00
 29  23   6  6   1.873000E-03  2.409000E-02  3.085000E-02  9.358000E-02  4.471000E-01  1.587000E+00  0.000000E+00  0.000000E+00  0.000000E+00   5.412000E+03  6.368000E+04  2.902000E+05  1.176000E+06  5.682000E+06  1.290000E+07  0.000000E+00  0.000000E+00  0.000000E+00
 29  24   5  7   5.329000E-03  1.393000E-02  4.578000E-02  1.213000E-01  2.908000E-01  1.507000E+00  8.027000E-03  0.000000E+00  0.000000E+00   5.975000E+03  8.598000E+04  3.239000E+05  1.118000E+06  5.141000E+06  1.284000E+07  1.689000E+09  0.000000E+00  0.000000E+00
 29  25   4  7   6.795000E-03  2.204000E-02  5.253000E-02  1.184000E-01  1.437000E-01  7.654000E-01  4.051000E-01  0.000000E+00  0.000000E+00   4.053000E+04  8.717000E+04  4.034000E+05  1.192000E+06  5.515000E+06  1.359000E+07  8.044000E+07  0.000000E+00  0.000000E+00
 29  26   3  7   9.149000E-03  2.358000E-02  6.477000E-02  7.025000E-02  4.931000E-01  5.226000E-01  1.112000E-01  0.000000E+00  0.000000E+00   5.045000E+04  2.145000E+05  7.378000E+05  5.073000E+06  1.340000E+07  7.026000E+07  1.293000E+08  0.000000E+00  0.000000E+00
 29  27   2  3   3.452000E-01  6.344000E-01 -2.055000E-01  0.000000E+00  0.000000E+00  0.000000E+00  0.000000E+00  0.000000E+00  0.000000E+00   6.767000E+07  9.628000E+07  1.123000E+08  0.000000E+00  0.000000E+00  0.000000E+00  0.000000E+00  0.000000E+00  0.000000E+00
 29  28   1  3   2.223000E-01  2.820000E-01 -1.013000E-03  0.000000E+00  0.000000E+00  0.000000E+00  0.000000E+00  0.000000E+00  0.000000E+00   6.914000E+07  9.278000E+07  1.482000E+08  0.000000E+00  0.000000E+00  0.000000E+00  0.000000E+00  0.000000E+00  0.000000E+00
 30  12  18  7   9.081000E-05  1.299000E-04  1.492000E-04  3.050000E-03  3.209000E-02  1.049000E-01  4.396000E-01  0.000000E+00  0.000000E+00   1.182000E+03  5.335000E+03  1.502000E+04  4.288000E+04  1.626000E+05  4.313000E+05  1.034000E+06  0.000000E+00  0.000000E+00
 30  15  15  6   5.765000E-03  3.060000E-02  7.077000E-02  3.827000E-01  2.879000E-01  5.973000E-03  0.000000E+00  0.000000E+00  0.000000E+00   2.975000E+03  2.705000E+04  1.244000E+05  6.301000E+05  1.646000E+06  1.020000E+07  0.000000E+00  0.000000E+00  0.000000E+00
 30  16  14  5   9.796000E-03  2.209000E-02  5.492000E-02  3.200000E-01  1.495000E-01  0.000000E+00  0.000000E+00  0.000000E+00  0.000000E+00   5.083000E+03  2.462000E+04  1.588000E+05  7.384000E+05  2.615000E+06  0.000000E+00  0.000000E+00  0.000000E+00  0.000000E+00
 30  17  13  6   5.003000E-03  2.383000E-02  6.280000E-02  3.145000E-01  1.119000E-01  1.950000E-03  0.000000E+00  0.000000E+00  0.000000E+00   3.380000E+03  3.039000E+04  1.466000E+05  6.117000E+05  2.111000E+06  1.500000E+07  0.000000E+00  0.000000E+00  0.000000E+00
 30  18  12  6   3.351000E-03  1.588000E-02  1.090000E-01  2.493000E-01  2.751000E-01  5.147000E-01  0.000000E+00  0.000000E+00  0.000000E+00   7.215000E+03  3.479000E+04  2.271000E+05  7.631000E+05  6.263000E+06  1.210000E+07  0.000000E+00  0.000000E+00  0.000000E+00
 30  19  11  7   8.941000E-04  1.879000E-02  4.694000E-02  1.560000E-01  2.083000E-01  1.258000E+00  8.934000E-03  0.000000E+00  0.000000E+00   8.004000E+03  5.730000E+04  2.268000E+05  5.609000E+05  4.164000E+06  1.106000E+07  3.900000E+07  0.000000E+00  0.000000E+00
 30  20  10  5   1.214000E-03  2.324000E-01  1.834000E+00  4.752000E-01 -6.907000E-02  0.000000E+00  0.000000E+00  0.000000E+00  0.000000E+00   3.712000E+06  5.472000E+06  1.012000E+07  2.002000E+07  4.497000E+07  0.000000E+00  0.000000E+00  0.000000E+00  0.000000E+00
 30  21   9  6   3.640000E-03  6.501000E-04  2.472000E-03  4.848000E-02  1.214000E+00  1.647000E+00  0.000000E+00  0.000000E+00  0.000000E+00   8.377000E+03  3.615000E+04  2.566000E+05  1.566000E+06  7.424000E+06  1.383000E+07  0.000000E+00  0.000000E+00  0.000000E+00
 30  22   8  6   1.771000E-04  8.102000E-03  1.921000E-02  8.696000E-02  7.382000E-01  2.062000E+00  0.000000E+00  0.000000E+00  0.000000E+00   7.113000E+03  7.969000E+04  2.579000E+05  1.527000E+06  6.624000E+06  1.288000E+07  0.000000E+00  0.000000E+00  0.000000E+00
 30  23   7  7   1.512000E-03  1.430000E-02  2.785000E-02  6.244000E-02  1.471000E-01  1.246000E+00  1.645000E+00  0.000000E+00  0.000000E+00   8.677000E+03  6.398000E+04  2.689000E+05  8.210000E+05  2.715000E+06  8.661000E+06  1.455000E+07  0.000000E+00  0.000000E+00
 30  24   6  7   2.790000E-03  2.929000E-02  4.506000E-02  8.789000E-02  3.605000E-01  1.860000E+00  1.109000E-02  0.000000E+00  0.000000E+00   9.821000E+03  6.250000E+04  2.949000E+05  1.158000E+06  4.980000E+06  1.326000E+07  3.259000E+08  0.000000E+00  0.000000E+00
 30  25   5  6   7.048000E-03  1.378000E-02  5.462000E-02  1.513000E-01  3.739000E-01  1.561000E+00  0.000000E+00  0.000000E+00  0.000000E+00   2.680000E+03  7.783000E+04  3.489000E+05  1.241000E+06  5.902000E+06  1.403000E+07  0.000000E+00  0.000000E+00  0.000000E+00
 30  26   4  7   1.014000E-02  2.291000E-02  5.791000E-02  1.289000E-01  3.345000E-01  6.958000E-01  3.860000E-01  0.000000E+00  0.000000E+00   3.921000E+04  8.789000E+04  4.283000E+05  1.252000E+06  7.689000E+06  1.651000E+07  9.089000E+07  0.000000E+00  0.000000E+00
 30  27   3  7   1.067000E-02  9.518000E-03  7.437000E-02  5.717000E-02  5.809000E-01  6.514000E-01  3.030000E-03  0.000000E+00  0.000000E+00   4.676000E+04  1.255000E+05  5.455000E+05  3.049000E+06  1.367000E+07  8.256000E+07  5.040000E+08  0.000000E+00  0.000000E+00
 30  28   2  3   3.493000E-01  4.849000E-01  1.422000E-02  0.000000E+00  0.000000E+00  0.000000E+00  0.000000E+00  0.000000E+00  0.000000E+00   7.239000E+07  9.475000E+07  9.542000E+07  0.000000E+00  0.000000E+00  0.000000E+00  0.000000E+00  0.000000E+00  0.000000E+00
 30  29   1  3   2.321000E-01  3.195000E-01  9.645000E-03  0.000000E+00  0.000000E+00  0.000000E+00  0.000000E+00  0.000000E+00  0.000000E+00   7.372000E+07  9.711000E+07  1.585000E+08  0.000000E+00  0.000000E+00  0.000000E+00  0.000000E+00  0.000000E+00  0.000000E+00
