  1   1   0   8.318000E-11    0.74720  2.965000E+00  7.001000E+05    0.00000  0.000000E+00
  2   1   1   5.235000E-11    0.69880  7.301000E+00  4.475000E+06    0.08290  1.682000E+05
  2   2   0   1.818000E-10    0.74920  1.017000E+01  2.786000E+06    0.00000  0.000000E+00
  3   1   2   8.700000E-12    0.36400  1.470000E+02  7.153000E+06    0.15080  7.154000E+05
  3   2   1   9.349000E-11    0.69160  3.470000E+01  7.329000E+06    0.03510  6.293000E+05
  3   3   0   2.867000E-10    0.74930  2.108000E+01  6.268000E+06    0.00000  0.000000E+00
  4   1   3   1.793000E-10    0.76690  8.938000E-01  2.138000E+06    0.03100  1.382000E+04
  4   2   2   1.861000E-11    0.40520  5.365000E+02  2.254000E+07    0.00000  0.000000E+00
  4   3   1   1.324000E-10    0.68060  8.525000E+01  1.510000E+07    0.00000  0.000000E+00
  4   4   0   3.375000E-10    0.74750  4.628000E+01  1.121000E+07    0.00000  0.000000E+00
  5   1   4   1.998000E-09    0.82770  1.269000E-02  1.016000E+06    0.09010  3.058000E+04
  5   2   3   3.417000E-10    0.75120  3.604000E+00  2.821000E+06    0.03510  1.295000E+07
  5   3   2   3.251000E-11    0.45580  9.164000E+02  1.749000E+07    0.00000  0.000000E+00
  5   4   1   1.729000E-10    0.67760  1.552000E+02  2.065000E+07    0.00000  0.000000E+00
  5   5   0   4.647000E-10    0.74840  6.142000E+01  1.753000E+07    0.00000  0.000000E+00
  6   1   5   2.995000E-09    0.78490  6.670000E-03  1.943000E+06    0.15970  4.955000E+04
  6   2   4   2.067000E-09    0.80120  1.643000E-01  2.172000E+06    0.04270  6.341000E+04
  6   3   3   1.120000E-10    0.67370  1.115000E+02  5.938000E+06    0.00000  0.000000E+00
  6   4   2   4.798000E-11    0.48340  1.355000E+03  1.872000E+07    0.00000  0.000000E+00
  6   5   1   2.044000E-10    0.67420  2.647000E+02  2.773000E+07    0.00000  0.000000E+00
  6   6   0   5.337000E-10    0.74850  9.502000E+01  2.517000E+07    0.00000  0.000000E+00
  7   1   6   6.387000E-10    0.73080  9.467000E-02  2.954000E+06    0.24400  6.739000E+04
  7   2   5   2.410000E-09    0.79480  1.231000E-01  3.016000E+06    0.07740  1.016000E+05
  7   3   4   7.923000E-10    0.77680  3.750000E+00  3.468000E+06    0.02230  7.206000E+04
  7   4   3   1.533000E-10    0.66820  1.823000E+02  7.751000E+06    0.00000  0.000000E+00
  7   5   2   6.245000E-11    0.49850  1.957000E+03  2.177000E+07    0.00000  0.000000E+00
  7   6   1   2.388000E-10    0.67320  3.960000E+02  3.583000E+07    0.00000  0.000000E+00
  7   7   0   6.170000E-10    0.74810  1.316000E+02  3.427000E+07    0.00000  0.000000E+00
  8   1   7   6.622000E-11    0.61090  4.136000E+00  4.214000E+06    0.40930  8.770000E+04
  8   2   6   2.096000E-09    0.76680  1.602000E-01  4.377000E+06    0.10700  1.392000E+05
  8   3   5   2.501000E-09    0.78440  5.235000E-01  4.470000E+06    0.04470  1.642000E+05
  8   4   4   3.955000E-09    0.78130  6.821000E-01  5.076000E+06    0.00000  0.000000E+00
  8   5   3   1.724000E-10    0.65560  3.372000E+02  1.030000E+07    0.00000  0.000000E+00
  8   6   2   8.193000E-11    0.51650  2.392000E+03  2.487000E+07    0.00000  0.000000E+00
  8   7   1   2.652000E-10    0.67050  5.842000E+02  4.559000E+07    0.00000  0.000000E+00
  8   8   0   6.552000E-10    0.74700  1.951000E+02  4.483000E+07    0.00000  0.000000E+00
  9   1   8   3.769000E-11    0.55590  1.091000E+01  6.413000E+06    0.45340  1.095000E+05
  9   2   7   5.595000E-10    0.70830  1.462000E+00  6.258000E+06    0.16450  1.880000E+05
  9   3   6   1.468000E-09    0.76520  1.284000E+00  6.039000E+06    0.06640  2.235000E+05
  9   4   5   2.236000E-09    0.77250  1.828000E+00  5.982000E+06    0.03190  2.529000E+05
  9   5   4   3.298000E-09    0.77020  2.103000E+00  6.441000E+06    0.00000  0.000000E+00
  9   6   3   2.244000E-10    0.65740  4.147000E+02  1.268000E+07    0.00000  0.000000E+00
  9   7   2   9.958000E-11    0.52740  3.012000E+03  2.896000E+07    0.00000  0.000000E+00
  9   8   1   3.128000E-10    0.67120  7.227000E+02  5.587000E+07    0.00000  0.000000E+00
  9   9   0   8.218000E-10    0.74910  2.046000E+02  5.638000E+07    0.00000  0.000000E+00
 10   1   9   1.295000E-11    0.35560  6.739000E+01  7.563000E+06    0.64720  1.598000E+05
 10   2   8   1.773000E-10    0.64340  9.924000E+00  8.878000E+06    0.22050  2.292000E+05
 10   3   7   8.321000E-10    0.72540  3.332000E+00  8.696000E+06    0.09210  3.044000E+05
 10   4   6   1.861000E-09    0.75930  2.504000E+00  8.037000E+06    0.04060  3.255000E+05
 10   5   5   1.127000E-09    0.75560  1.311000E+01  8.047000E+06    0.02500  2.771000E+05
 10   6   4   2.557000E-09    0.76010  6.293000E+00  8.091000E+06    0.00000  0.000000E+00
 10   7   3   2.755000E-10    0.65860  5.102000E+02  1.535000E+07    0.00000  0.000000E+00
 10   8   2   1.186000E-10    0.53540  3.647000E+03  3.365000E+07    0.00000  0.000000E+00
 10   9   1   3.415000E-10    0.67060  9.552000E+02  6.778000E+07    0.00000  0.000000E+00
 10  10   0   8.278000E-10    0.74700  2.991000E+02  7.006000E+07    0.00000  0.000000E+00
 11   1  10   5.095000E-12    0.00000  3.546000E+02  2.310000E+06    0.93950  4.297000E+05
 11   2   9   5.176000E-11    0.48110  7.751000E+01  1.351000E+07    0.34670  3.140000E+05
 11   3   8   3.192000E-10    0.67260  1.640000E+01  1.263000E+07    0.12320  3.725000E+05
 11   4   7   1.087000E-09    0.72840  6.132000E+00  1.088000E+07    0.06290  4.559000E+05
 11   5   6   1.077000E-09    0.74690  1.430000E+01  1.018000E+07    0.02890  3.593000E+05
 11   6   5   4.040000E-09    0.76650  2.908000E+00  1.043000E+07    0.00000  0.000000E+00
 11   7   4   1.654000E-09    0.75080  2.276000E+01  9.950000E+06    0.00000  0.000000E+00
 11   8   3   3.171000E-10    0.65760  6.526000E+02  1.848000E+07    0.00000  0.000000E+00
 11   9   2   1.393000E-10    0.54330  4.258000E+03  3.872000E+07    0.00000  0.000000E+00
 11  10   1   3.879000E-10    0.67180  1.133000E+03  8.008000E+07    0.00000  0.000000E+00
 11  11   0   9.743000E-10    0.74880  3.217000E+02  8.428000E+07    0.00000  0.000000E+00
 12   1  11   5.452000E-11    0.68450  5.637000E+00  1.551000E+06    0.39450  8.360000E+05
 12   2  10   1.345000E-11    0.10740  7.877000E+02  7.925000E+07    0.46310  5.027000E+05
 12   3   9   1.249000E-10    0.56000  7.748000E+01  2.015000E+07    0.19170  5.139000E+05
 12   4   8   4.031000E-10    0.68030  3.205000E+01  1.626000E+07    0.07640  5.399000E+05
 12   5   7   7.515000E-10    0.72030  2.582000E+01  1.355000E+07    0.04360  5.691000E+05
 12   6   6   9.133000E-10    0.73530  3.674000E+01  1.263000E+07    0.02110  4.049000E+05
 12   7   5   3.859000E-09    0.75790  5.587000E+00  1.235000E+07    0.00000  0.000000E+00
 12   8   4   1.634000E-09    0.74350  3.806000E+01  1.205000E+07    0.00000  0.000000E+00
 12   9   3   3.445000E-10    0.65530  8.693000E+02  2.196000E+07    0.00000  0.000000E+00
 12  10   2   1.602000E-10    0.54920  4.944000E+03  4.434000E+07    0.00000  0.000000E+00
 12  11   1   4.214000E-10    0.67130  1.396000E+03  9.433000E+07    0.00000  0.000000E+00
 12  12   0   1.022000E-09    0.74760  4.098000E+02  1.011000E+08    0.00000  0.000000E+00
 13   1  12   1.035000E-09    0.65350  4.623000E-02  1.564000E+09    0.12610  1.533000E+05
 13   2  11   3.171000E-11    0.44930  1.821000E+02  3.529000E+07    0.26420  7.190000E+05
 13   3  10   3.107000E-11    0.28540  8.207000E+02  8.117000E+07    0.26310  7.693000E+05
 13   4   9   2.011000E-10    0.59840  1.013000E+02  2.635000E+07    0.10720  7.591000E+05
 13   5   8   4.438000E-10    0.67890  6.204000E+01  1.940000E+07    0.05710  7.410000E+05
 13   6   7   7.728000E-10    0.71520  4.818000E+01  1.672000E+07    0.02710  7.209000E+05
 13   7   6   4.100000E-09    0.75070  5.134000E+00  1.603000E+07    0.00000  0.000000E+00
 13   8   5   2.284000E-09    0.74800  2.178000E+01  1.460000E+07    0.00000  0.000000E+00
 13   9   4   1.578000E-09    0.73940  6.157000E+01  1.427000E+07    0.00000  0.000000E+00
 13  10   3   3.916000E-10    0.65650  1.025000E+03  2.544000E+07    0.00000  0.000000E+00
 13  11   2   1.761000E-10    0.55140  5.962000E+03  5.081000E+07    0.00000  0.000000E+00
 13  12   1   4.578000E-10    0.67070  1.673000E+03  1.096000E+08    0.00000  0.000000E+00
 13  13   0   1.134000E-09    0.74820  4.619000E+02  1.179000E+08    0.00000  0.000000E+00
 14   1  13   3.262000E-11    0.62700  1.590000E+01  4.237000E+07    0.23330  5.828000E+04
 14   2  12   1.964000E-10    0.62870  7.712000E+00  2.951000E+07    0.15230  4.804000E+05
 14   3  11   6.739000E-11    0.49310  2.166000E+02  4.491000E+07    0.16670  9.046000E+05
 14   4  10   5.134000E-11    0.36780  1.009000E+03  8.514000E+07    0.16460  1.084000E+06
 14   5   9   2.468000E-10    0.61130  1.649000E+02  3.231000E+07    0.06360  9.837000E+05
 14   6   8   4.615000E-10    0.67530  1.143000E+02  2.377000E+07    0.03560  8.595000E+05
 14   7   7   7.532000E-10    0.70720  8.860000E+01  1.997000E+07    0.01850  6.949000E+05
 14   8   6   2.100000E-09    0.74010  2.523000E+01  1.842000E+07    0.00000  0.000000E+00
 14   9   5   1.688000E-09    0.73900  5.549000E+01  1.716000E+07    0.00000  0.000000E+00
 14  10   4   1.851000E-09    0.73840  6.906000E+01  1.644000E+07    0.00000  0.000000E+00
 14  11   3   4.633000E-10    0.66020  1.088000E+03  2.896000E+07    0.00000  0.000000E+00
 14  12   2   2.017000E-10    0.55880  6.494000E+03  5.693000E+07    0.00000  0.000000E+00
 14  13   1   4.870000E-10    0.66970  2.026000E+03  1.265000E+08    0.00000  0.000000E+00
 14  14   0   1.261000E-09    0.74880  5.068000E+02  1.365000E+08    0.00000  0.000000E+00
 15   1  14   1.505000E-09    0.84520  1.707000E-02  1.301000E+06    0.24670  1.284000E+06
 15   2  13   2.030000E-10    0.65260  7.087000E+00  2.116000E+07    0.16210  5.076000E+04
 15   3  12   1.933000E-10    0.62350  3.527000E+01  2.694000E+07    0.11680  7.395000E+05
 15   4  11   1.128000E-10    0.53300  2.618000E+02  4.963000E+07    0.09940  1.244000E+06
 15   5  10   7.550000E-11    0.42440  1.206000E+03  8.603000E+07    0.10080  1.498000E+06
 15   6   9   2.981000E-10    0.61730  2.372000E+02  3.807000E+07    0.03610  1.306000E+06
 15   7   8   5.508000E-10    0.67480  1.501000E+02  2.772000E+07    0.02130  1.109000E+06
 15   8   7   1.570000E-09    0.71900  4.177000E+01  2.438000E+07    0.00000  0.000000E+00
 15   9   6   1.763000E-09    0.73100  5.234000E+01  2.117000E+07    0.00000  0.000000E+00
 15  10   5   1.948000E-09    0.73750  6.372000E+01  1.947000E+07    0.00000  0.000000E+00
 15  11   4   1.543000E-09    0.73150  1.330000E+02  1.926000E+07    0.00000  0.000000E+00
 15  12   3   4.972000E-10    0.65810  1.329000E+03  3.346000E+07    0.00000  0.000000E+00
 15  13   2   2.190000E-10    0.56070  7.591000E+03  6.396000E+07    0.00000  0.000000E+00
 15  14   1   5.520000E-10    0.67240  2.146000E+03  1.423000E+08    0.00000  0.000000E+00
 15  15   0   1.269000E-09    0.74720  6.495000E+02  1.581000E+08    0.00000  0.000000E+00
 16   1  15   1.384000E-10    0.68860  1.074000E+00  7.159000E+05    0.18450  1.858000E+04
 16   2  14   2.478000E-11    0.46420  3.294000E+02  2.166000E+07    0.33510  7.630000E+05
 16   3  13   3.043000E-10    0.69470  1.678000E+01  2.050000E+07    0.07950  6.868000E+04
 16   4  12   2.615000E-10    0.63430  6.238000E+01  2.803000E+07    0.07730  1.059000E+06
 16   5  11   1.588000E-10    0.55840  3.350000E+02  5.188000E+07    0.05910  1.656000E+06
 16   6  10   9.565000E-11    0.45170  1.599000E+03  9.252000E+07    0.06120  1.986000E+06
 16   7   9   3.384000E-10    0.61750  3.380000E+02  4.347000E+07    0.02250  1.672000E+06
 16   8   8   8.773000E-10    0.68530  1.115000E+02  3.386000E+07    0.00000  0.000000E+00
 16   9   7   1.137000E-09    0.70800  1.099000E+02  2.745000E+07    0.00000  0.000000E+00
 16  10   6   1.518000E-09    0.72460  9.845000E+01  2.390000E+07    0.00000  0.000000E+00
 16  11   5   1.702000E-09    0.73010  1.138000E+02  2.253000E+07    0.00000  0.000000E+00
 16  12   4   1.740000E-09    0.73030  1.494000E+02  2.193000E+07    0.00000  0.000000E+00
 16  13   3   5.511000E-10    0.65980  1.492000E+03  3.755000E+07    0.00000  0.000000E+00
 16  14   2   2.362000E-10    0.56150  8.776000E+03  7.208000E+07    0.00000  0.000000E+00
 16  15   1   5.546000E-10    0.66920  2.754000E+03  1.633000E+08    0.00000  0.000000E+00
 16  16   0   1.432000E-09    0.74850  6.688000E+02  1.793000E+08    0.00000  0.000000E+00
 17   2  15   7.803000E-11    0.62730  4.265000E+01  2.469000E+07    0.16040  4.217000E+05
 17   3  14   1.602000E-10    0.61290  5.154000E+01  3.056000E+07    0.13420  6.808000E+05
 17   4  13   3.302000E-10    0.69800  4.421000E+01  2.143000E+07    0.04830  7.260000E+04
 17   5  12   2.841000E-10    0.63670  1.244000E+02  3.039000E+07    0.05200  1.363000E+06
 17   6  11   1.790000E-10    0.56410  5.390000E+02  5.733000E+07    0.03400  2.038000E+06
 17   7  10   1.144000E-10    0.46650  2.108000E+03  9.895000E+07    0.03620  2.397000E+06
 17   8   9   4.354000E-10    0.62620  3.604000E+02  5.251000E+07    0.00000  0.000000E+00
 17   9   8   7.522000E-10    0.67670  2.213000E+02  3.678000E+07    0.00000  0.000000E+00
 17  10   7   1.146000E-09    0.70330  1.593000E+02  3.034000E+07    0.00000  0.000000E+00
 17  11   6   1.440000E-09    0.71870  1.522000E+02  2.712000E+07    0.00000  0.000000E+00
 17  12   5   1.655000E-09    0.72620  1.636000E+02  2.543000E+07    0.00000  0.000000E+00
 17  13   4   2.027000E-09    0.73070  1.541000E+02  2.470000E+07    0.00000  0.000000E+00
 17  14   3   6.038000E-10    0.66110  1.670000E+03  4.213000E+07    0.00000  0.000000E+00
 17  15   2   2.594000E-10    0.56630  9.623000E+03  7.952000E+07    0.00000  0.000000E+00
 17  16   1   6.110000E-10    0.67120  2.956000E+03  1.810000E+08    0.00000  0.000000E+00
 17  17   0   1.487000E-09    0.74890  7.847000E+02  2.012000E+08    0.00000  0.000000E+00
 18   3  15   3.464000E-10    0.68930  1.393000E+01  1.187000E+07    0.15550  4.430000E+05
 18   4  14   3.939000E-10    0.66070  3.207000E+01  3.043000E+07    0.07610  6.360000E+05
 18   5  13   2.811000E-10    0.68490  1.353000E+02  2.311000E+07    0.03800  7.317000E+04
 18   6  12   3.370000E-10    0.64090  1.836000E+02  3.323000E+07    0.03200  1.717000E+06
 18   7  11   2.156000E-10    0.57080  7.027000E+02  6.146000E+07    0.01690  2.845000E+06
 18   8  10   1.313000E-10    0.47220  2.767000E+03  1.066000E+08    0.02080  2.725000E+06
 18   9   9   4.228000E-10    0.61810  5.880000E+02  5.535000E+07    0.00000  0.000000E+00
 18  10   8   6.805000E-10    0.66670  3.866000E+02  4.062000E+07    0.00000  0.000000E+00
 18  11   7   1.022000E-09    0.69480  2.747000E+02  3.391000E+07    0.00000  0.000000E+00
 18  12   6   1.464000E-09    0.71440  2.040000E+02  3.025000E+07    0.00000  0.000000E+00
 18  13   5   1.780000E-09    0.72520  1.933000E+02  2.837000E+07    0.00000  0.000000E+00
 18  14   4   2.165000E-09    0.73070  1.801000E+02  2.753000E+07    0.00000  0.000000E+00
 18  15   3   6.557000E-10    0.66240  1.868000E+03  4.693000E+07    0.00000  0.000000E+00
 18  16   2   2.812000E-10    0.56860  1.063000E+04  8.779000E+07    0.00000  0.000000E+00
 18  17   1   6.405000E-10    0.66980  3.425000E+03  2.037000E+08    0.00000  0.000000E+00
 18  18   0   1.615000E-09    0.74830  8.433000E+02  2.266000E+08    0.00000  0.000000E+00
 19   1  18   4.528000E-11    0.42340  5.931000E+00  2.897000E+09    0.30490  1.645000E+05
 19   4  15   3.568000E-10    0.67740  3.847000E+01  2.695000E+07    0.04040  4.488000E+05
 19   5  14   6.034000E-10    0.68030  3.503000E+01  3.022000E+07    0.05610  5.412000E+05
 19   6  13   2.280000E-10    0.65010  3.952000E+02  2.571000E+07    0.04530  6.044000E+04
 19   7  12   3.856000E-10    0.64230  2.598000E+02  3.572000E+07    0.01960  2.208000E+06
 19   8  11   2.516000E-10    0.57710  8.854000E+02  6.829000E+07    0.00000  0.000000E+00
 19   9  10   1.590000E-10    0.48670  3.096000E+03  1.192000E+08    0.00000  0.000000E+00
 19  10   9   4.044000E-10    0.60990  9.347000E+02  5.922000E+07    0.00000  0.000000E+00
 19  11   8   6.633000E-10    0.65990  5.735000E+02  4.447000E+07    0.00000  0.000000E+00
 19  12   7   9.722000E-10    0.68980  4.087000E+02  3.753000E+07    0.00000  0.000000E+00
 19  13   6   1.461000E-09    0.71080  2.734000E+02  3.371000E+07    0.00000  0.000000E+00
 19  14   5   2.079000E-09    0.72450  1.954000E+02  3.156000E+07    0.00000  0.000000E+00
 19  15   4   2.224000E-09    0.72990  2.212000E+02  3.069000E+07    0.00000  0.000000E+00
 19  16   3   7.052000E-10    0.66130  2.094000E+03  5.246000E+07    0.00000  0.000000E+00
 19  17   2   3.046000E-10    0.57120  1.160000E+04  9.639000E+07    0.00000  0.000000E+00
 19  18   1   7.022000E-10    0.67210  3.602000E+03  2.234000E+08    0.00000  0.000000E+00
 19  19   0   1.623000E-09    0.74730  1.024000E+03  2.543000E+08    0.00000  0.000000E+00
 20   2  18   2.248000E-10    0.66050  6.175000E+00  6.032000E+06    0.31580  2.100000E+05
 20   5  15   4.817000E-10    0.68520  5.279000E+01  2.706000E+07    0.02390  4.049000E+05
 20   6  14   1.427000E-08    0.72850  3.790000E-01  3.977000E+07    0.00000  0.000000E+00
 20   7  13   1.967000E-10    0.60850  9.313000E+02  2.917000E+07    0.05910  5.559000E+04
 20   8  12   4.641000E-10    0.64690  3.097000E+02  4.220000E+07    0.00000  0.000000E+00
 20   9  11   2.527000E-10    0.57110  1.364000E+03  6.926000E+07    0.00000  0.000000E+00
 20  10  10   1.622000E-10    0.48040  4.449000E+03  1.204000E+08    0.00000  0.000000E+00
 20  11   9   3.992000E-10    0.60250  1.362000E+03  6.373000E+07    0.00000  0.000000E+00
 20  12   8   6.699000E-10    0.65460  7.761000E+02  4.861000E+07    0.00000  0.000000E+00
 20  13   7   9.575000E-10    0.68430  5.634000E+02  4.150000E+07    0.00000  0.000000E+00
 20  14   6   1.532000E-09    0.70890  3.305000E+02  3.713000E+07    0.00000  0.000000E+00
 20  15   5   2.019000E-09    0.72150  2.644000E+02  3.506000E+07    0.00000  0.000000E+00
 20  16   4   2.421000E-09    0.72780  2.438000E+02  3.424000E+07    0.00000  0.000000E+00
 20  17   3   7.848000E-10    0.66440  2.173000E+03  5.749000E+07    0.00000  0.000000E+00
 20  18   2   3.250000E-10    0.57430  1.276000E+04  1.051000E+08    0.00000  0.000000E+00
 20  19   1   7.045000E-10    0.66930  4.391000E+03  2.500000E+08    0.00000  0.000000E+00
 20  20   0   1.809000E-09    0.74900  1.025000E+03  2.788000E+08    0.00000  0.000000E+00
 21   3  18   4.196000E-11    0.22500  4.232000E+02  1.110000E+08    0.39930  3.973000E+05
 21   6  15   4.841000E-10    0.68370  1.018000E+02  2.769000E+07    0.01740  3.352000E+05
 21   7  14   9.729000E-09    0.72940  1.219000E+00  3.765000E+07    0.00000  0.000000E+00
 21   8  13   2.234000E-10    0.60720  1.214000E+03  3.181000E+07    0.05310  5.878000E+04
 21   9  12   4.471000E-10    0.64100  5.095000E+02  4.349000E+07    0.00000  0.000000E+00
 21  10  11   2.578000E-10    0.56550  1.955000E+03  7.157000E+07    0.00000  0.000000E+00
 21  11  10   1.647000E-10    0.47340  6.182000E+03  1.253000E+08    0.00000  0.000000E+00
 21  12   9   4.070000E-10    0.59680  1.819000E+03  6.864000E+07    0.00000  0.000000E+00
 21  13   8   6.581000E-10    0.64940  1.072000E+03  5.292000E+07    0.00000  0.000000E+00
 21  14   7   1.011000E-09    0.68270  6.726000E+02  4.518000E+07    0.00000  0.000000E+00
 21  15   6   1.432000E-09    0.70480  4.761000E+02  4.102000E+07    0.00000  0.000000E+00
 21  16   5   2.055000E-09    0.72000  3.236000E+02  3.860000E+07    0.00000  0.000000E+00
 21  17   4   2.253000E-09    0.72530  3.425000E+02  3.802000E+07    0.00000  0.000000E+00
 21  18   3   8.463000E-10    0.66530  2.355000E+03  6.304000E+07    0.00000  0.000000E+00
 21  19   2   3.366000E-10    0.57210  1.473000E+04  1.163000E+08    0.00000  0.000000E+00
 21  20   1   8.052000E-10    0.67500  4.198000E+03  2.669000E+08    0.00000  0.000000E+00
 21  21   0   1.752000E-09    0.74700  1.303000E+03  3.095000E+08    0.00000  0.000000E+00
 22   4  18   3.989000E-10    0.56580  9.517000E+01  4.776000E+07    0.10650  3.534000E+05
 22   7  15   5.732000E-10    0.68740  1.341000E+02  2.892000E+07    0.01010  3.140000E+05
 22   8  14   7.528000E-09    0.72760  3.009000E+00  3.764000E+07    0.00000  0.000000E+00
 22   9  13   2.577000E-10    0.60090  1.466000E+03  3.490000E+07    0.05270  5.858000E+04
 22  10  12   4.441000E-10    0.63600  7.614000E+02  4.514000E+07    0.00000  0.000000E+00
 22  11  11   2.711000E-10    0.56280  2.552000E+03  7.416000E+07    0.00000  0.000000E+00
 22  12  10   1.730000E-10    0.46870  7.898000E+03  1.302000E+08    0.00000  0.000000E+00
 22  13   9   4.281000E-10    0.59540  2.234000E+03  7.270000E+07    0.00000  0.000000E+00
 22  14   8   6.854000E-10    0.64640  1.313000E+03  5.733000E+07    0.00000  0.000000E+00
 22  15   7   1.043000E-09    0.67980  8.226000E+02  4.947000E+07    0.00000  0.000000E+00
 22  16   6   1.458000E-09    0.70050  5.875000E+02  4.526000E+07    0.00000  0.000000E+00
 22  17   5   1.959000E-09    0.71690  4.381000E+02  4.258000E+07    0.00000  0.000000E+00
 22  18   4   2.463000E-09    0.72490  3.638000E+02  4.164000E+07    0.00000  0.000000E+00
 22  19   3   9.040000E-10    0.66660  2.565000E+03  6.864000E+07    0.00000  0.000000E+00
 22  20   2   3.658000E-10    0.57670  1.540000E+04  1.250000E+08    0.00000  0.000000E+00
 22  21   1   8.152000E-10    0.67280  4.937000E+03  2.950000E+08    0.00000  0.000000E+00
 22  22   0   1.899000E-09    0.74760  1.348000E+03  3.393000E+08    0.00000  0.000000E+00
 23   5  18   4.193000E-10    0.58870  1.993000E+02  2.207000E+07    0.09250  2.012000E+05
 23   8  15   4.925000E-10    0.67350  2.849000E+02  3.130000E+07    0.01110  1.496000E+05
 23   9  14   8.439000E-09    0.72890  3.806000E+00  3.791000E+07    0.00000  0.000000E+00
 23  10  13   2.562000E-10    0.58370  2.197000E+03  3.871000E+07    0.05700  7.571000E+04
 23  11  12   4.627000E-10    0.63430  1.006000E+03  4.695000E+07    0.00000  0.000000E+00
 23  12  11   2.792000E-10    0.55880  3.360000E+03  7.736000E+07    0.00000  0.000000E+00
 23  13  10   1.800000E-10    0.46500  9.950000E+03  1.357000E+08    0.00000  0.000000E+00
 23  14   9   4.227000E-10    0.58850  3.007000E+03  7.863000E+07    0.00000  0.000000E+00
 23  15   8   7.140000E-10    0.64410  1.579000E+03  6.195000E+07    0.00000  0.000000E+00
 23  16   7   1.049000E-09    0.67630  1.032000E+03  5.381000E+07    0.00000  0.000000E+00
 23  17   6   1.532000E-09    0.70080  6.698000E+02  4.908000E+07    0.00000  0.000000E+00
 23  18   5   2.131000E-09    0.71660  4.679000E+02  4.637000E+07    0.00000  0.000000E+00
 23  19   4   2.660000E-09    0.72530  3.897000E+02  4.538000E+07    0.00000  0.000000E+00
 23  20   3   9.483000E-10    0.66550  2.859000E+03  7.531000E+07    0.00000  0.000000E+00
 23  21   2   3.815000E-10    0.57610  1.718000E+04  1.368000E+08    0.00000  0.000000E+00
 23  22   1   8.373000E-10    0.67110  5.622000E+03  3.232000E+08    0.00000  0.000000E+00
 23  23   0   2.051000E-09    0.74900  1.389000E+03  3.691000E+08    0.00000  0.000000E+00
 24   6  18   5.744000E-10    0.62200  2.282000E+02  2.250000E+07    0.04920  2.948000E+05
 24   9  15   4.039000E-10    0.64560  6.318000E+02  3.455000E+07    0.02010  7.459000E+04
 24  10  14   4.834000E-09    0.72380  1.384000E+01  3.952000E+07    0.00000  0.000000E+00
 24  11  13   1.013000E-09    0.70670  2.619000E+02  3.565000E+07    0.00000  0.000000E+00
 24  12  12   5.026000E-10    0.63440  1.204000E+03  4.866000E+07    0.00000  0.000000E+00
 24  13  11   3.003000E-10    0.55850  3.987000E+03  8.062000E+07    0.00000  0.000000E+00
 24  14  10   1.868000E-10    0.46030  1.233000E+04  1.432000E+08    0.00000  0.000000E+00
 24  15   9   4.341000E-10    0.58460  3.714000E+03  8.452000E+07    0.00000  0.000000E+00
 24  16   8   6.832000E-10    0.63670  2.162000E+03  6.770000E+07    0.00000  0.000000E+00
 24  17   7   1.053000E-09    0.67360  1.278000E+03  5.857000E+07    0.00000  0.000000E+00
 24  18   6   1.567000E-09    0.69860  7.957000E+02  5.340000E+07    0.00000  0.000000E+00
 24  19   5   2.302000E-09    0.71670  5.002000E+02  5.030000E+07    0.00000  0.000000E+00
 24  20   4   2.747000E-09    0.72510  4.436000E+02  4.921000E+07    0.00000  0.000000E+00
 24  21   3   9.718000E-10    0.66430  3.285000E+03  8.221000E+07    0.00000  0.000000E+00
 24  22   2   3.963000E-10    0.57600  1.914000E+04  1.479000E+08    0.00000  0.000000E+00
 24  23   1   8.771000E-10    0.67220  6.118000E+03  3.478000E+08    0.00000  0.000000E+00
 24  24   0   2.046000E-09    0.74760  1.638000E+03  4.027000E+08    0.00000  0.000000E+00
 25   7  18   2.976000E-10    0.48380  1.397000E+03  4.566000E+07    0.05860  1.672000E+04
 25  10  15   3.902000E-10    0.62540  1.006000E+03  3.737000E+07    0.02810  6.397000E+04
 25  11  14   2.598000E-09    0.71630  5.391000E+01  4.166000E+07    0.00000  0.000000E+00
 25  12  13   1.081000E-09    0.70190  3.236000E+02  3.922000E+07    0.00000  0.000000E+00
 25  13  12   5.037000E-10    0.62830  1.619000E+03  5.222000E+07    0.00000  0.000000E+00
 25  14  11   3.197000E-10    0.55820  4.712000E+03  8.394000E+07    0.00000  0.000000E+00
 25  15  10   1.924000E-10    0.45620  1.514000E+04  1.509000E+08    0.00000  0.000000E+00
 25  16   9   4.710000E-10    0.58630  4.081000E+03  8.874000E+07    0.00000  0.000000E+00
 25  17   8   7.236000E-10    0.63590  2.448000E+03  7.264000E+07    0.00000  0.000000E+00
 25  18   7   1.089000E-09    0.67130  1.488000E+03  6.327000E+07    0.00000  0.000000E+00
 25  19   6   1.642000E-09    0.69820  8.948000E+02  5.767000E+07    0.00000  0.000000E+00
 25  20   5   2.450000E-09    0.71600  5.442000E+02  5.456000E+07    0.00000  0.000000E+00
 25  21   4   2.589000E-09    0.72160  5.887000E+02  5.400000E+07    0.00000  0.000000E+00
 25  22   3   1.065000E-09    0.66680  3.327000E+03  8.827000E+07    0.00000  0.000000E+00
 25  23   2   4.386000E-10    0.58380  1.888000E+04  1.556000E+08    0.00000  0.000000E+00
 25  24   1   9.127000E-10    0.67170  6.691000E+03  3.775000E+08    0.00000  0.000000E+00
 25  25   0   2.306000E-09    0.74990  1.546000E+03  4.333000E+08    0.00000  0.000000E+00
 26   8  18   1.263000E-09    0.75320  5.209000E+01  2.169000E+07    0.04210  2.917000E+05
 26   9  17   1.338000E-09    0.74950  7.242000E+01  2.453000E+07    0.04040  4.199000E+05
 26  10  16   1.052000E-09    0.73700  1.639000E+02  2.924000E+07    0.02240  4.291000E+05
 26  11  15   8.303000E-10    0.71560  3.531000E+02  3.554000E+07    0.01320  2.951000E+05
 26  12  14   9.832000E-10    0.71460  3.597000E+02  3.808000E+07    0.00450  3.952000E+05
 26  13  13   1.050000E-09    0.69390  4.568000E+02  3.987000E+07    0.00660  5.451000E+05
 26  14  12   1.179000E-09    0.70960  4.508000E+02  3.393000E+07    0.01540  3.977000E+06
 26  15  11   3.133000E-10    0.55070  6.295000E+03  9.035000E+07    0.00000  0.000000E+00
 26  16  10   2.034000E-10    0.45480  1.751000E+04  1.579000E+08    0.00000  0.000000E+00
 26  17   9   4.791000E-10    0.58230  4.967000E+03  9.535000E+07    0.00000  0.000000E+00
 26  18   8   7.556000E-10    0.63510  2.800000E+03  7.742000E+07    0.00000  0.000000E+00
 26  19   7   1.135000E-09    0.67050  1.691000E+03  6.809000E+07    0.00000  0.000000E+00
 26  20   6   1.659000E-09    0.69580  1.061000E+03  6.253000E+07    0.00000  0.000000E+00
 26  21   5   2.199000E-09    0.71180  7.810000E+02  5.946000E+07    0.00000  0.000000E+00
 26  22   4   3.322000E-09    0.72640  4.563000E+02  5.746000E+07    0.00000  0.000000E+00
 26  23   3   1.186000E-09    0.67130  3.253000E+03  9.392000E+07    0.00000  0.000000E+00
 26  24   2   4.458000E-10    0.58020  2.155000E+04  1.701000E+08    0.00000  0.000000E+00
 26  25   1   9.983000E-10    0.67540  6.651000E+03  4.017000E+08    0.00000  0.000000E+00
 26  26   0   2.275000E-09    0.74810  1.836000E+03  4.736000E+08    0.00000  0.000000E+00
 27   9  18   2.542000E-10    0.36000  5.026000E+03  5.480000E+07    0.11420  2.509000E+04
 27  12  15   3.007000E-10    0.55900  3.215000E+03  4.573000E+07    0.05550  7.049000E+04
 27  13  14   1.839000E-09    0.70550  1.764000E+02  4.654000E+07    0.00000  0.000000E+00
 27  14  13   1.176000E-09    0.69560  4.913000E+02  4.627000E+07    0.00000  0.000000E+00
 27  15  12   5.382000E-10    0.62470  2.441000E+03  5.812000E+07    0.00000  0.000000E+00
 27  16  11   3.340000E-10    0.55160  7.145000E+03  9.384000E+07    0.00000  0.000000E+00
 27  17  10   2.125000E-10    0.45180  2.042000E+04  1.667000E+08    0.00000  0.000000E+00
 27  18   9   5.045000E-10    0.58080  5.617000E+03  1.015000E+08    0.00000  0.000000E+00
 27  19   8   7.582000E-10    0.63070  3.402000E+03  8.406000E+07    0.00000  0.000000E+00
 27  20   7   1.177000E-09    0.66870  1.921000E+03  7.331000E+07    0.00000  0.000000E+00
 27  21   6   1.672000E-09    0.69350  1.254000E+03  6.763000E+07    0.00000  0.000000E+00
 27  22   5   2.654000E-09    0.71480  6.726000E+02  6.351000E+07    0.00000  0.000000E+00
 27  23   4   3.885000E-09    0.73010  4.100000E+02  6.101000E+07    0.00000  0.000000E+00
 27  24   3   1.181000E-09    0.66810  3.839000E+03  1.023000E+08    0.00000  0.000000E+00
 27  25   2   4.629000E-10    0.58050  2.352000E+04  1.831000E+08    0.00000  0.000000E+00
 27  26   1   1.017000E-09    0.67380  7.469000E+03  4.347000E+08    0.00000  0.000000E+00
 27  27   0   2.234000E-09    0.74610  2.190000E+03  5.152000E+08    0.00000  0.000000E+00
 28  10  18   3.076000E-10    0.38490  5.284000E+03  4.945000E+07    0.10210  2.571000E+04
 28  13  15   3.087000E-10    0.54520  4.160000E+03  4.955000E+07    0.06020  8.046000E+04
 28  14  14   1.551000E-09    0.69910  3.080000E+02  4.948000E+07    0.00000  0.000000E+00
 28  15  13   1.221000E-09    0.69240  5.926000E+02  5.001000E+07    0.00000  0.000000E+00
 28  16  12   5.718000E-10    0.62460  2.783000E+03  6.091000E+07    0.00000  0.000000E+00
 28  17  11   3.626000E-10    0.55360  7.769000E+03  9.785000E+07    0.00000  0.000000E+00
 28  18  10   2.208000E-10    0.45040  2.355000E+04  1.749000E+08    0.00000  0.000000E+00
 28  19   9   5.081000E-10    0.57660  6.786000E+03  1.088000E+08    0.00000  0.000000E+00
 28  20   8   7.889000E-10    0.62920  3.842000E+03  8.956000E+07    0.00000  0.000000E+00
 28  21   7   1.172000E-09    0.66520  2.320000E+03  7.926000E+07    0.00000  0.000000E+00
 28  22   6   1.744000E-09    0.69280  1.385000E+03  7.245000E+07    0.00000  0.000000E+00
 28  23   5   2.660000E-09    0.71500  7.865000E+02  6.761000E+07    0.00000  0.000000E+00
 28  24   4   3.531000E-09    0.72600  5.650000E+02  6.627000E+07    0.00000  0.000000E+00
 28  25   3   1.259000E-09    0.66990  3.991000E+03  1.094000E+08    0.00000  0.000000E+00
 28  26   2   4.901000E-10    0.58360  2.460000E+04  1.937000E+08    0.00000  0.000000E+00
 28  27   1   1.063000E-09    0.67440  7.979000E+03  4.653000E+08    0.00000  0.000000E+00
 28  28   0   2.577000E-09    0.74970  1.949000E+03  5.434000E+08    0.00000  0.000000E+00
 29  11  18   3.527000E-10    0.40520  5.855000E+03  5.691000E+07    0.08840  3.626000E+04
 29  14  15   2.876000E-10    0.51270  6.284000E+03  5.443000E+07    0.07520  9.242000E+04
 29  15  14   1.663000E-09    0.69700  3.534000E+02  5.214000E+07    0.00000  0.000000E+00
 29  16  13   1.228000E-09    0.68980  7.418000E+02  5.352000E+07    0.00000  0.000000E+00
 29  17  12   6.038000E-10    0.62440  3.166000E+03  6.420000E+07    0.00000  0.000000E+00
 29  18  11   3.761000E-10    0.55090  9.021000E+03  1.036000E+08    0.00000  0.000000E+00
 29  19  10   2.271000E-10    0.44640  2.753000E+04  1.853000E+08    0.00000  0.000000E+00
 29  20   9   5.402000E-10    0.57690  7.375000E+03  1.150000E+08    0.00000  0.000000E+00
 29  21   8   8.107000E-10    0.62900  4.369000E+03  9.503000E+07    0.00000  0.000000E+00
 29  22   7   1.295000E-09    0.66720  2.319000E+03  8.388000E+07    0.00000  0.000000E+00
 29  23   6   2.128000E-09    0.69880  1.157000E+03  7.589000E+07    0.00000  0.000000E+00
 29  24   5   2.679000E-09    0.71280  9.094000E+02  7.300000E+07    0.00000  0.000000E+00
 29  25   4   3.862000E-09    0.72720  5.631000E+02  7.100000E+07    0.00000  0.000000E+00
 29  26   3   1.249000E-09    0.66680  4.697000E+03  1.181000E+08    0.00000  0.000000E+00
 29  27   2   5.041000E-10    0.58280  2.701000E+04  2.082000E+08    0.00000  0.000000E+00
 29  28   1   1.078000E-09    0.67360  8.924000E+03  4.988000E+08    0.00000  0.000000E+00
 29  29   0   2.456000E-09    0.74770  2.414000E+03  5.896000E+08    0.00000  0.000000E+00
 30  12  18   3.964000E-10    0.41070  6.576000E+03  5.855000E+07    0.08600  3.942000E+04
 30  15  15   3.172000E-10    0.51180  6.825000E+03  5.738000E+07    0.07580  9.338000E+04
 30  16  14   1.506000E-09    0.69200  5.288000E+02  5.548000E+07    0.00000  0.000000E+00
 30  17  13   1.242000E-09    0.68640  9.092000E+02  5.735000E+07    0.00000  0.000000E+00
 30  18  12   6.192000E-10    0.62230  3.743000E+03  6.775000E+07    0.00000  0.000000E+00
 30  19  11   3.885000E-10    0.54920  1.041000E+04  1.095000E+08    0.00000  0.000000E+00
 30  20  10   2.397000E-10    0.44580  3.040000E+04  1.941000E+08    0.00000  0.000000E+00
 30  21   9   5.284000E-10    0.57050  9.182000E+03  1.239000E+08    0.00000  0.000000E+00
 30  22   8   8.533000E-10    0.62780  4.759000E+03  1.011000E+08    0.00000  0.000000E+00
 30  23   7   1.250000E-09    0.66400  2.899000E+03  8.992000E+07    0.00000  0.000000E+00
 30  24   6   1.805000E-09    0.69060  1.794000E+03  8.293000E+07    0.00000  0.000000E+00
 30  25   5   2.916000E-09    0.71500  9.113000E+02  7.726000E+07    0.00000  0.000000E+00
 30  26   4   4.233000E-09    0.72830  5.568000E+02  7.545000E+07    0.00000  0.000000E+00
 30  27   3   1.381000E-09    0.67050  4.543000E+03  1.249000E+08    0.00000  0.000000E+00
 30  28   2   5.258000E-10    0.58320  2.882000E+04  2.221000E+08    0.00000  0.000000E+00
 30  29   1   1.142000E-09    0.67500  9.193000E+03  5.308000E+08    0.00000  0.000000E+00
 30  30   0   2.854000E-09    0.74910  2.125000E+03  6.271000E+08    0.00000  0.000000E+00
