26
** Atomic data from version 10.1 of the CHIANTI database **
Observed energies: Kramida, A., Ralchenko, Yu., Reader, J., and NIST ASD Team (2012).
NIST Atomic Spectra Database (ver. 5.0), [Online]. Available: http://physics.nist.gov/
Theoretical energies:
Liang, G. Y. & Badnell, N. R. 2010, A&A, 518, A64
      doi = {10.1051/0004-6361/201014170}
      adsurl = {http://adsabs.harvard.edu/abs/2010A%26A...518A..64L}
Produced for the CHIANTI database v.8 by Giulio Del Zanna, Nov 2013
%filename: al_4.wgfa
Observed energies: Kramida, A., Ralchenko, Yu., Reader, J., and NIST ASD Team (2012). NIST Atomic Spectra Database (ver. 5.0), [Online]. Available: http://physics.nist.gov/
Theoretical energies, gf and A-values:
 Liang, G. Y. & Badnell, N. R. 2010, A&A, 518, A64
 doi = {10.1051/0004-6361/201014170}
 adsurl = {http://adsabs.harvard.edu/abs/2010A%26A...518A..64L}
Note: only transitions with a branching ratio above 10^-5
have been retained.
Transitions within the first 27 levels (2p6, 2p5 3l, l=s,p,d):
Jonsson P. et al., Atomic Data and Nuclear Data Tables, 2014, 100, 1
adsurl = {http://adsabs.harvard.edu/abs/2014ADNDT.100....1J}
 Produced for the CHIANTI database v.8 by G. Del Zanna 11 Nov 2014
%File processed with wgfa_tidy by pryoung on  6-Mar-2019
%filename: al_4.scups
Data from Liang, G. Y. & Badnell, N. R. 2010, A&A, 518, A64
      doi = {10.1051/0004-6361/201014170}
      adsurl = {http://adsabs.harvard.edu/abs/2010A%26A...518A..64L}
Produced for the CHIANTI database v.8 by Giulio Del Zanna  Nov 2013
5 23
   1  2s2 2p6 1S0   
   2  2s2 2p5 3s 3P2
   3  2s2 2p5 3s 3P1
   4  2s2 2p5 3s 3P0
   5  2s2 2p5 3s 1P1
     100.0
     158.5
     251.2
     398.1
     631.0
    1000.0
    1584.9
    2511.9
    3981.1
    6309.6
   10000.0
   15848.9
   25118.9
   39810.7
   63095.7
  100000.0
  158489.3
  251188.6
  398107.2
  630957.3
 1000000.0
 1584893.2
 2511886.4
0
   1  2   9.13e-02
   0  0   9.13e-02
   0  0   9.12e-02
   0  0   9.11e-02
   0  0   9.10e-02
   0  0   9.07e-02
   0  0   9.02e-02
   0  0   8.94e-02
   0  0   8.79e-02
   0  0   8.59e-02
   0  0   8.43e-02
   0  0   8.51e-02
   0  0   8.51e-02
   0  0   8.14e-02
   0  0   7.32e-02
   0  0   6.18e-02
   0  0   5.04e-02
   0  0   4.03e-02
   0  0   3.20e-02
   0  0   2.53e-02
   0  0   1.99e-02
   0  0   1.54e-02
   0  0   1.17e-02
   1  3   4.42e-02
   0  0   4.42e-02
   0  0   4.43e-02
   0  0   4.45e-02
   0  0   4.49e-02
   0  0   4.54e-02
   0  0   4.62e-02
   0  0   4.77e-02
   0  0   5.01e-02
   0  0   5.35e-02
   0  0   5.68e-02
   0  0   5.80e-02
   0  0   5.78e-02
   0  0   5.53e-02
   0  0   4.91e-02
   0  0   4.12e-02
   0  0   3.37e-02
   0  0   2.74e-02
   0  0   2.24e-02
   0  0   1.88e-02
   0  0   1.66e-02
   0  0   1.55e-02
   0  0   1.54e-02
   1  4   1.98e-02
   0  0   1.98e-02
   0  0   1.98e-02
   0  0   1.97e-02
   0  0   1.97e-02
   0  0   1.96e-02
   0  0   1.95e-02
   0  0   1.92e-02
   0  0   1.88e-02
   0  0   1.81e-02
   0  0   1.76e-02
   0  0   1.76e-02
   0  0   1.73e-02
   0  0   1.62e-02
   0  0   1.43e-02
   0  0   1.20e-02
   0  0   9.68e-03
   0  0   7.74e-03
   0  0   6.17e-03
   0  0   4.90e-03
   0  0   3.86e-03
   0  0   3.01e-03
   0  0   2.30e-03
   1  5   4.70e-02
   0  0   4.75e-02
   0  0   4.84e-02
   0  0   4.98e-02
   0  0   5.21e-02
   0  0   5.60e-02
   0  0   6.24e-02
   0  0   7.31e-02
   0  0   9.06e-02
   0  0   1.16e-01
   0  0   1.41e-01
   0  0   1.49e-01
   0  0   1.45e-01
   0  0   1.34e-01
   0  0   1.17e-01
   0  0   9.86e-02
   0  0   8.37e-02
   0  0   7.35e-02
   0  0   6.94e-02
   0  0   7.35e-02
   0  0   8.63e-02
   0  0   1.07e-01
   0  0   1.37e-01
   2  3   8.60e+00
   0  0   8.61e+00
   0  0   8.63e+00
   0  0   8.65e+00
   0  0   8.69e+00
   0  0   8.77e+00
   0  0   8.90e+00
   0  0   9.14e+00
   0  0   9.55e+00
   0  0   1.01e+01
   0  0   1.04e+01
   0  0   9.71e+00
   0  0   8.75e+00
   0  0   7.84e+00
   0  0   6.50e+00
   0  0   5.01e+00
   0  0   3.76e+00
   0  0   2.72e+00
   0  0   1.92e+00
   0  0   1.36e+00
   0  0   9.64e-01
   0  0   6.87e-01
   0  0   4.98e-01
   2  4   2.66e+00
   0  0   2.66e+00
   0  0   2.66e+00
   0  0   2.66e+00
   0  0   2.67e+00
   0  0   2.68e+00
   0  0   2.70e+00
   0  0   2.74e+00
   0  0   2.82e+00
   0  0   2.93e+00
   0  0   2.93e+00
   0  0   2.63e+00
   0  0   2.28e+00
   0  0   1.99e+00
   0  0   1.61e+00
   0  0   1.20e+00
   0  0   8.94e-01
   0  0   6.42e-01
   0  0   4.52e-01
   0  0   3.20e-01
   0  0   2.29e-01
   0  0   1.68e-01
   0  0   1.27e-01
   2  5   6.74e+00
   0  0   6.73e+00
   0  0   6.72e+00
   0  0   6.69e+00
   0  0   6.66e+00
   0  0   6.60e+00
   0  0   6.50e+00
   0  0   6.36e+00
   0  0   6.13e+00
   0  0   5.77e+00
   0  0   5.24e+00
   0  0   4.56e+00
   0  0   4.08e+00
   0  0   3.79e+00
   0  0   3.30e+00
   0  0   2.66e+00
   0  0   2.06e+00
   0  0   1.54e+00
   0  0   1.13e+00
   0  0   8.21e-01
   0  0   5.99e-01
   0  0   4.38e-01
   0  0   3.20e-01
   3  4   3.42e+00
   0  0   3.42e+00
   0  0   3.42e+00
   0  0   3.41e+00
   0  0   3.41e+00
   0  0   3.40e+00
   0  0   3.39e+00
   0  0   3.38e+00
   0  0   3.36e+00
   0  0   3.33e+00
   0  0   3.21e+00
   0  0   2.90e+00
   0  0   2.59e+00
   0  0   2.32e+00
   0  0   1.94e+00
   0  0   1.50e+00
   0  0   1.13e+00
   0  0   8.16e-01
   0  0   5.79e-01
   0  0   4.08e-01
   0  0   2.88e-01
   0  0   2.03e-01
   0  0   1.44e-01
   3  5   5.25e+00
   0  0   5.25e+00
   0  0   5.24e+00
   0  0   5.22e+00
   0  0   5.20e+00
   0  0   5.17e+00
   0  0   5.11e+00
   0  0   5.03e+00
   0  0   4.90e+00
   0  0   4.70e+00
   0  0   4.36e+00
   0  0   3.87e+00
   0  0   3.51e+00
   0  0   3.28e+00
   0  0   2.84e+00
   0  0   2.28e+00
   0  0   1.75e+00
   0  0   1.29e+00
   0  0   9.31e-01
   0  0   6.63e-01
   0  0   4.71e-01
   0  0   3.35e-01
   0  0   2.39e-01
   4  5   1.62e+00
   0  0   1.62e+00
   0  0   1.61e+00
   0  0   1.61e+00
   0  0   1.60e+00
   0  0   1.60e+00
   0  0   1.58e+00
   0  0   1.56e+00
   0  0   1.53e+00
   0  0   1.49e+00
   0  0   1.40e+00
   0  0   1.25e+00
   0  0   1.17e+00
   0  0   1.15e+00
   0  0   1.04e+00
   0  0   8.48e-01
   0  0   6.65e-01
   0  0   4.95e-01
   0  0   3.57e-01
   0  0   2.55e-01
   0  0   1.80e-01
   0  0   1.26e-01
   0  0   8.82e-02
 0 0 0
   1  2   3.358e+01
   1  3   1.427e+09
   1  4   0.000e+00
   1  5   1.927e+10
   2  3   0.000e+00
   2  4   0.000e+00
   2  5   0.000e+00
   3  4   2.135e-01
   3  5   0.000e+00
   4  5   0.000e+00
   1  1          0.0
   2  5     616644.1
   3  3     618473.9
   4  1     620060.1
   5  3     624717.5
