24
** Atomic data from version 10.1 of the CHIANTI database **
%filename: cr_7.elvlc
%Observed energy levels: Ekberg, J.O., 1976, Phys. Scripta, 13, 245
%Theoretical energy levels: Landi & Young 2009, ApJ, in press
%produced as part of the Arcetri/Cambridge/NRL 'CHIANTI' atomic data base collaboration
%
% Enrico Landi - Nov 2008
%filename: cr_7.wgfa
%filename: cr_7.wgfa
%Observed energy levels: Ekberg, J.O., 1976, Phys. Scripta, 13, 245
%Theoretical energy levels: Landi & Young 2009, ApJ, in press
%A and gf values: Landi & Young 2009, ApJ, in press
%produced as part of the Arcetri/Cambridge/NRL 'CHIANTI' atomic data base collaboration
%
% Enrico Landi - Oct 2009
Removed the transitions 8-11, 9-11, 10-11. G. Del Zanna 5 May 2016
%File processed with wgfa_tidy by pryoung on  6-Mar-2019
%filename: cr_7.scups
%filename: cr_7.splups
%gf values: Landi & Young 2009, ApJ, in press
%Collision strengths: Landi & Young 2009, ApJ, in press
%produced as part of the Arcetri/Cambridge/NRL 'CHIANTI' atomic data base collaboration
%
% Enrico Landi - Nov 2008
5 23
   1  3s2.3p6 1S0   
   2  3s2.3p5.3d 3P0
   3  3s2.3p5.3d 3P1
   4  3s2.3p5.3d 3P2
   5  3s2.3p5.3d 3F4
     100.0
     158.5
     251.2
     398.1
     631.0
    1000.0
    1584.9
    2511.9
    3981.1
    6309.6
   10000.0
   15848.9
   25118.9
   39810.7
   63095.7
  100000.0
  158489.3
  251188.6
  398107.2
  630957.3
 1000000.0
 1584893.2
 2511886.4
0
   1  2   2.21e-02
   0  0   2.21e-02
   0  0   2.21e-02
   0  0   2.21e-02
   0  0   2.21e-02
   0  0   2.21e-02
   0  0   2.21e-02
   0  0   2.21e-02
   0  0   2.21e-02
   0  0   2.21e-02
   0  0   2.20e-02
   0  0   2.20e-02
   0  0   2.19e-02
   0  0   2.18e-02
   0  0   2.17e-02
   0  0   2.14e-02
   0  0   2.09e-02
   0  0   2.01e-02
   0  0   1.89e-02
   0  0   1.72e-02
   0  0   1.51e-02
   0  0   1.27e-02
   0  0   1.03e-02
   1  3   6.50e-02
   0  0   6.50e-02
   0  0   6.50e-02
   0  0   6.50e-02
   0  0   6.50e-02
   0  0   6.50e-02
   0  0   6.50e-02
   0  0   6.49e-02
   0  0   6.49e-02
   0  0   6.48e-02
   0  0   6.47e-02
   0  0   6.45e-02
   0  0   6.43e-02
   0  0   6.38e-02
   0  0   6.32e-02
   0  0   6.21e-02
   0  0   6.06e-02
   0  0   5.83e-02
   0  0   5.50e-02
   0  0   5.05e-02
   0  0   4.48e-02
   0  0   3.82e-02
   0  0   3.12e-02
   1  4   1.10e-01
   0  0   1.10e-01
   0  0   1.10e-01
   0  0   1.10e-01
   0  0   1.10e-01
   0  0   1.10e-01
   0  0   1.10e-01
   0  0   1.10e-01
   0  0   1.10e-01
   0  0   1.10e-01
   0  0   1.10e-01
   0  0   1.10e-01
   0  0   1.09e-01
   0  0   1.08e-01
   0  0   1.07e-01
   0  0   1.05e-01
   0  0   1.02e-01
   0  0   9.83e-02
   0  0   9.23e-02
   0  0   8.42e-02
   0  0   7.40e-02
   0  0   6.25e-02
   0  0   5.06e-02
   1  5   9.62e-02
   0  0   9.61e-02
   0  0   9.61e-02
   0  0   9.61e-02
   0  0   9.61e-02
   0  0   9.61e-02
   0  0   9.60e-02
   0  0   9.60e-02
   0  0   9.59e-02
   0  0   9.57e-02
   0  0   9.54e-02
   0  0   9.50e-02
   0  0   9.44e-02
   0  0   9.34e-02
   0  0   9.18e-02
   0  0   8.95e-02
   0  0   8.62e-02
   0  0   8.16e-02
   0  0   7.54e-02
   0  0   6.75e-02
   0  0   5.84e-02
   0  0   4.85e-02
   0  0   3.88e-02
   2  3   1.31e-01
   0  0   1.31e-01
   0  0   1.31e-01
   0  0   1.31e-01
   0  0   1.31e-01
   0  0   1.31e-01
   0  0   1.31e-01
   0  0   1.31e-01
   0  0   1.31e-01
   0  0   1.31e-01
   0  0   1.30e-01
   0  0   1.30e-01
   0  0   1.29e-01
   0  0   1.28e-01
   0  0   1.26e-01
   0  0   1.23e-01
   0  0   1.19e-01
   0  0   1.12e-01
   0  0   1.03e-01
   0  0   9.22e-02
   0  0   7.91e-02
   0  0   6.53e-02
   0  0   5.17e-02
   2  4   4.94e-02
   0  0   4.94e-02
   0  0   4.94e-02
   0  0   4.93e-02
   0  0   4.93e-02
   0  0   4.93e-02
   0  0   4.93e-02
   0  0   4.93e-02
   0  0   4.92e-02
   0  0   4.92e-02
   0  0   4.90e-02
   0  0   4.88e-02
   0  0   4.86e-02
   0  0   4.81e-02
   0  0   4.74e-02
   0  0   4.64e-02
   0  0   4.49e-02
   0  0   4.28e-02
   0  0   4.01e-02
   0  0   3.69e-02
   0  0   3.33e-02
   0  0   2.97e-02
   0  0   2.64e-02
   2  5   4.51e-02
   0  0   4.51e-02
   0  0   4.51e-02
   0  0   4.50e-02
   0  0   4.50e-02
   0  0   4.50e-02
   0  0   4.50e-02
   0  0   4.49e-02
   0  0   4.49e-02
   0  0   4.48e-02
   0  0   4.46e-02
   0  0   4.43e-02
   0  0   4.38e-02
   0  0   4.32e-02
   0  0   4.21e-02
   0  0   4.06e-02
   0  0   3.85e-02
   0  0   3.57e-02
   0  0   3.21e-02
   0  0   2.81e-02
   0  0   2.39e-02
   0  0   1.98e-02
   0  0   1.63e-02
   3  4   2.65e-01
   0  0   2.65e-01
   0  0   2.65e-01
   0  0   2.65e-01
   0  0   2.65e-01
   0  0   2.65e-01
   0  0   2.64e-01
   0  0   2.64e-01
   0  0   2.64e-01
   0  0   2.64e-01
   0  0   2.63e-01
   0  0   2.62e-01
   0  0   2.60e-01
   0  0   2.58e-01
   0  0   2.54e-01
   0  0   2.48e-01
   0  0   2.40e-01
   0  0   2.28e-01
   0  0   2.11e-01
   0  0   1.91e-01
   0  0   1.67e-01
   0  0   1.43e-01
   0  0   1.19e-01
   3  5   1.68e-01
   0  0   1.68e-01
   0  0   1.68e-01
   0  0   1.68e-01
   0  0   1.68e-01
   0  0   1.68e-01
   0  0   1.68e-01
   0  0   1.68e-01
   0  0   1.68e-01
   0  0   1.67e-01
   0  0   1.67e-01
   0  0   1.66e-01
   0  0   1.64e-01
   0  0   1.62e-01
   0  0   1.58e-01
   0  0   1.53e-01
   0  0   1.46e-01
   0  0   1.36e-01
   0  0   1.23e-01
   0  0   1.08e-01
   0  0   9.16e-02
   0  0   7.54e-02
   0  0   6.05e-02
   4  5   5.92e-01
   0  0   5.92e-01
   0  0   5.92e-01
   0  0   5.92e-01
   0  0   5.92e-01
   0  0   5.92e-01
   0  0   5.92e-01
   0  0   5.92e-01
   0  0   5.91e-01
   0  0   5.90e-01
   0  0   5.89e-01
   0  0   5.87e-01
   0  0   5.84e-01
   0  0   5.80e-01
   0  0   5.73e-01
   0  0   5.63e-01
   0  0   5.48e-01
   0  0   5.28e-01
   0  0   5.03e-01
   0  0   4.73e-01
   0  0   4.40e-01
   0  0   4.07e-01
   0  0   3.77e-01
 0 0 0
   1  2   0.000e+00
   1  3   7.830e+06
   1  4   5.086e+01
   1  5   0.000e+00
   2  3   0.000e+00
   2  4   0.000e+00
   2  5   0.000e+00
   3  4   5.142e-01
   3  5   0.000e+00
   4  5   3.344e-03
   1  1          0.0
   2  1     341179.3
   3  3     342773.5
   4  5     346137.1
   5  9     357543.7
