34
** Atomic data from version 10.1 of the CHIANTI database **
%filename: c_6.elvlc
%observed energy levels: Martin, W.C., Sugar, J., Musgrove, A., Dalton, G.R., 1995,
   NIST Database for Atomic Spectroscopy, Version 1.0, NIST Standard Reference Database 61.
%comment:     3952061.52    Limit
%produced as part of the Arcetri/Cambridge/NRL 'CHIANTI' atomic data base collaboration CHIANTI
%
% K.P.Dere 1999
%filename: c_6.wgfa
%filename:  /data2/svn/chianti/dbase/trunk/c/c_6/c_6.wgfa
%filename: c_6.wgfa
%observed energy levels: Martin, W.C., Sugar, J., Musgrove, A., Dalton, G.R., 1995,
NIST Database for Atomic Spectroscopy, Version 1.0, NIST Standard Reference Database 61.
%A values (transition 1-2): Parpia, F.A., Johnson, W.R., 1982, Phys.Rev.A, 26, 1142.
%Radiative data: SUPERSTRUCTURE calculation including all levels up to n=5.
%produced as part of the Arcetri/Cambridge/NRL 'CHIANTI' atomic data base collaboration
%
%  Giulio Del Zanna  -  May 2006
% edited wavelengths at line 68 to provide a space between the wavelength and the level2 numbers
% K Dere 7 oct 2015
 minimum branching ratio =   1.00e-05
K. Dere  2017 December 06
%File processed with wgfa_tidy by pryoung on  6-Mar-2019
%filename: c_6.scups
%filename: c_6.splups
%oscillator strengths: SUPERSTRUCTURE calculation including all levels up to n=5.
%effective collision strengths: Ballance, Badnell, & Smith 2003, J. Phys. B, 36, 3707
%comment: fine-structure values for electron impact-excitation within the n=2 levels from Zygelman & Dalgarno (1987) Phys. Rev. A, 35, 4085
%comment: The fine structure collision strengths have been obtained assuming a distribution according
          to statistical weights.
%comment: Only excitations from the 1s and 2s levels are retained from the original dataset.
%produced as part of the Arcetri/Cambridge/NRL 'CHIANTI' atomic data base collaboration
%
%   G. Del Zanna  -  Nov  2007
15 23
   1  1s 2S0        
   2  2s 2S0        
   3  2p 2P0        
   4  2p 2P1        
   5  3s 2S0        
   6  3p 2P0        
   7  3p 2P1        
   8  3d 2D1        
   9  3d 2D2        
  10  4s 2S0        
  11  4p 2P0        
  12  4p 2P1        
  13  4d 2D1        
  14  4d 2D2        
  15  4f 2F2        
     100.0
     158.5
     251.2
     398.1
     631.0
    1000.0
    1584.9
    2511.9
    3981.1
    6309.6
   10000.0
   15848.9
   25118.9
   39810.7
   63095.7
  100000.0
  158489.3
  251188.6
  398107.2
  630957.3
 1000000.0
 1584893.2
 2511886.4
0
   1  2   1.76e-02
   0  0   1.76e-02
   0  0   1.76e-02
   0  0   1.76e-02
   0  0   1.76e-02
   0  0   1.76e-02
   0  0   1.76e-02
   0  0   1.76e-02
   0  0   1.76e-02
   0  0   1.76e-02
   0  0   1.75e-02
   0  0   1.75e-02
   0  0   1.75e-02
   0  0   1.74e-02
   0  0   1.75e-02
   0  0   1.76e-02
   0  0   1.80e-02
   0  0   1.86e-02
   0  0   1.91e-02
   0  0   1.92e-02
   0  0   1.90e-02
   0  0   1.91e-02
   0  0   1.93e-02
   1  3   2.36e-02
   0  0   2.36e-02
   0  0   2.36e-02
   0  0   2.36e-02
   0  0   2.36e-02
   0  0   2.36e-02
   0  0   2.36e-02
   0  0   2.36e-02
   0  0   2.36e-02
   0  0   2.36e-02
   0  0   2.37e-02
   0  0   2.38e-02
   0  0   2.39e-02
   0  0   2.41e-02
   0  0   2.43e-02
   0  0   2.47e-02
   0  0   2.53e-02
   0  0   2.60e-02
   0  0   2.68e-02
   0  0   2.78e-02
   0  0   2.91e-02
   0  0   3.11e-02
   0  0   3.41e-02
   1  4   4.71e-02
   0  0   4.71e-02
   0  0   4.71e-02
   0  0   4.71e-02
   0  0   4.71e-02
   0  0   4.71e-02
   0  0   4.72e-02
   0  0   4.72e-02
   0  0   4.72e-02
   0  0   4.73e-02
   0  0   4.74e-02
   0  0   4.75e-02
   0  0   4.78e-02
   0  0   4.81e-02
   0  0   4.87e-02
   0  0   4.94e-02
   0  0   5.05e-02
   0  0   5.19e-02
   0  0   5.36e-02
   0  0   5.56e-02
   0  0   5.82e-02
   0  0   6.22e-02
   0  0   6.83e-02
   1  5   5.50e-03
   0  0   5.50e-03
   0  0   5.50e-03
   0  0   5.50e-03
   0  0   5.49e-03
   0  0   5.49e-03
   0  0   5.49e-03
   0  0   5.48e-03
   0  0   5.47e-03
   0  0   5.45e-03
   0  0   5.42e-03
   0  0   5.38e-03
   0  0   5.32e-03
   0  0   5.25e-03
   0  0   5.17e-03
   0  0   5.08e-03
   0  0   4.98e-03
   0  0   4.81e-03
   0  0   4.60e-03
   0  0   4.41e-03
   0  0   4.26e-03
   0  0   4.14e-03
   0  0   4.08e-03
   1  6   5.34e-03
   0  0   5.34e-03
   0  0   5.34e-03
   0  0   5.34e-03
   0  0   5.34e-03
   0  0   5.34e-03
   0  0   5.34e-03
   0  0   5.34e-03
   0  0   5.34e-03
   0  0   5.34e-03
   0  0   5.35e-03
   0  0   5.35e-03
   0  0   5.36e-03
   0  0   5.38e-03
   0  0   5.40e-03
   0  0   5.43e-03
   0  0   5.48e-03
   0  0   5.55e-03
   0  0   5.66e-03
   0  0   5.82e-03
   0  0   6.05e-03
   0  0   6.39e-03
   0  0   6.85e-03
   1  7   1.07e-02
   0  0   1.07e-02
   0  0   1.07e-02
   0  0   1.07e-02
   0  0   1.07e-02
   0  0   1.07e-02
   0  0   1.07e-02
   0  0   1.07e-02
   0  0   1.07e-02
   0  0   1.07e-02
   0  0   1.07e-02
   0  0   1.07e-02
   0  0   1.07e-02
   0  0   1.07e-02
   0  0   1.08e-02
   0  0   1.09e-02
   0  0   1.10e-02
   0  0   1.11e-02
   0  0   1.13e-02
   0  0   1.16e-02
   0  0   1.21e-02
   0  0   1.28e-02
   0  0   1.37e-02
   1  8   2.23e-03
   0  0   2.23e-03
   0  0   2.23e-03
   0  0   2.23e-03
   0  0   2.23e-03
   0  0   2.23e-03
   0  0   2.23e-03
   0  0   2.24e-03
   0  0   2.24e-03
   0  0   2.25e-03
   0  0   2.26e-03
   0  0   2.27e-03
   0  0   2.28e-03
   0  0   2.30e-03
   0  0   2.31e-03
   0  0   2.29e-03
   0  0   2.23e-03
   0  0   2.09e-03
   0  0   1.91e-03
   0  0   1.69e-03
   0  0   1.49e-03
   0  0   1.32e-03
   0  0   1.18e-03
   1  9   3.34e-03
   0  0   3.34e-03
   0  0   3.35e-03
   0  0   3.35e-03
   0  0   3.35e-03
   0  0   3.35e-03
   0  0   3.35e-03
   0  0   3.35e-03
   0  0   3.36e-03
   0  0   3.37e-03
   0  0   3.38e-03
   0  0   3.40e-03
   0  0   3.43e-03
   0  0   3.45e-03
   0  0   3.47e-03
   0  0   3.44e-03
   0  0   3.34e-03
   0  0   3.14e-03
   0  0   2.87e-03
   0  0   2.54e-03
   0  0   2.23e-03
   0  0   1.97e-03
   0  0   1.77e-03
   1 10   2.60e-03
   0  0   2.60e-03
   0  0   2.60e-03
   0  0   2.59e-03
   0  0   2.59e-03
   0  0   2.59e-03
   0  0   2.59e-03
   0  0   2.58e-03
   0  0   2.57e-03
   0  0   2.56e-03
   0  0   2.54e-03
   0  0   2.51e-03
   0  0   2.46e-03
   0  0   2.40e-03
   0  0   2.33e-03
   0  0   2.24e-03
   0  0   2.15e-03
   0  0   2.05e-03
   0  0   1.95e-03
   0  0   1.85e-03
   0  0   1.75e-03
   0  0   1.68e-03
   0  0   1.62e-03
   1 11   1.84e-03
   0  0   1.84e-03
   0  0   1.84e-03
   0  0   1.84e-03
   0  0   1.84e-03
   0  0   1.84e-03
   0  0   1.84e-03
   0  0   1.85e-03
   0  0   1.85e-03
   0  0   1.85e-03
   0  0   1.86e-03
   0  0   1.87e-03
   0  0   1.89e-03
   0  0   1.91e-03
   0  0   1.94e-03
   0  0   1.97e-03
   0  0   2.02e-03
   0  0   2.07e-03
   0  0   2.15e-03
   0  0   2.23e-03
   0  0   2.33e-03
   0  0   2.45e-03
   0  0   2.61e-03
   1 12   3.68e-03
   0  0   3.68e-03
   0  0   3.69e-03
   0  0   3.69e-03
   0  0   3.69e-03
   0  0   3.69e-03
   0  0   3.69e-03
   0  0   3.69e-03
   0  0   3.70e-03
   0  0   3.71e-03
   0  0   3.72e-03
   0  0   3.74e-03
   0  0   3.78e-03
   0  0   3.82e-03
   0  0   3.87e-03
   0  0   3.94e-03
   0  0   4.03e-03
   0  0   4.14e-03
   0  0   4.30e-03
   0  0   4.47e-03
   0  0   4.66e-03
   0  0   4.91e-03
   0  0   5.23e-03
   1 13   1.42e-03
   0  0   1.42e-03
   0  0   1.42e-03
   0  0   1.42e-03
   0  0   1.42e-03
   0  0   1.42e-03
   0  0   1.42e-03
   0  0   1.42e-03
   0  0   1.41e-03
   0  0   1.40e-03
   0  0   1.39e-03
   0  0   1.38e-03
   0  0   1.35e-03
   0  0   1.32e-03
   0  0   1.27e-03
   0  0   1.20e-03
   0  0   1.11e-03
   0  0   1.01e-03
   0  0   8.99e-04
   0  0   8.05e-04
   0  0   7.18e-04
   0  0   6.43e-04
   0  0   5.81e-04
   1 14   2.13e-03
   0  0   2.13e-03
   0  0   2.13e-03
   0  0   2.13e-03
   0  0   2.13e-03
   0  0   2.13e-03
   0  0   2.13e-03
   0  0   2.12e-03
   0  0   2.12e-03
   0  0   2.11e-03
   0  0   2.09e-03
   0  0   2.07e-03
   0  0   2.03e-03
   0  0   1.97e-03
   0  0   1.90e-03
   0  0   1.80e-03
   0  0   1.67e-03
   0  0   1.52e-03
   0  0   1.35e-03
   0  0   1.21e-03
   0  0   1.08e-03
   0  0   9.64e-04
   0  0   8.72e-04
   1 15   8.22e-04
   0  0   8.22e-04
   0  0   8.21e-04
   0  0   8.21e-04
   0  0   8.20e-04
   0  0   8.19e-04
   0  0   8.18e-04
   0  0   8.15e-04
   0  0   8.11e-04
   0  0   8.05e-04
   0  0   7.96e-04
   0  0   7.81e-04
   0  0   7.58e-04
   0  0   7.24e-04
   0  0   6.74e-04
   0  0   6.03e-04
   0  0   5.09e-04
   0  0   3.94e-04
   0  0   2.85e-04
   0  0   2.06e-04
   0  0   1.49e-04
   0  0   1.05e-04
   0  0   7.42e-05
   2  4   6.69e-03
   0  0   6.69e-03
   0  0   6.69e-03
   0  0   6.69e-03
   0  0   6.68e-03
   0  0   6.68e-03
   0  0   6.68e-03
   0  0   6.67e-03
   0  0   6.66e-03
   0  0   6.64e-03
   0  0   6.62e-03
   0  0   6.57e-03
   0  0   6.51e-03
   0  0   6.41e-03
   0  0   6.25e-03
   0  0   6.02e-03
   0  0   5.69e-03
   0  0   5.23e-03
   0  0   4.60e-03
   0  0   3.91e-03
   0  0   3.35e-03
   0  0   2.83e-03
   0  0   2.37e-03
   2  5   1.62e-01
   0  0   1.62e-01
   0  0   1.62e-01
   0  0   1.62e-01
   0  0   1.62e-01
   0  0   1.62e-01
   0  0   1.62e-01
   0  0   1.62e-01
   0  0   1.62e-01
   0  0   1.62e-01
   0  0   1.62e-01
   0  0   1.62e-01
   0  0   1.62e-01
   0  0   1.63e-01
   0  0   1.65e-01
   0  0   1.69e-01
   0  0   1.74e-01
   0  0   1.80e-01
   0  0   1.87e-01
   0  0   1.96e-01
   0  0   2.06e-01
   0  0   2.18e-01
   0  0   2.31e-01
   2  6   1.11e-01
   0  0   1.11e-01
   0  0   1.11e-01
   0  0   1.11e-01
   0  0   1.11e-01
   0  0   1.10e-01
   0  0   1.10e-01
   0  0   1.10e-01
   0  0   1.09e-01
   0  0   1.08e-01
   0  0   1.06e-01
   0  0   1.04e-01
   0  0   1.01e-01
   0  0   9.86e-02
   0  0   9.69e-02
   0  0   9.75e-02
   0  0   1.00e-01
   0  0   1.04e-01
   0  0   1.10e-01
   0  0   1.22e-01
   0  0   1.42e-01
   0  0   1.71e-01
   0  0   2.09e-01
   2  7   2.22e-01
   0  0   2.22e-01
   0  0   2.22e-01
   0  0   2.22e-01
   0  0   2.21e-01
   0  0   2.21e-01
   0  0   2.20e-01
   0  0   2.19e-01
   0  0   2.18e-01
   0  0   2.16e-01
   0  0   2.12e-01
   0  0   2.08e-01
   0  0   2.03e-01
   0  0   1.97e-01
   0  0   1.94e-01
   0  0   1.95e-01
   0  0   2.01e-01
   0  0   2.08e-01
   0  0   2.20e-01
   0  0   2.44e-01
   0  0   2.83e-01
   0  0   3.42e-01
   0  0   4.17e-01
   2  8   1.74e-01
   0  0   1.74e-01
   0  0   1.74e-01
   0  0   1.74e-01
   0  0   1.74e-01
   0  0   1.74e-01
   0  0   1.74e-01
   0  0   1.73e-01
   0  0   1.73e-01
   0  0   1.72e-01
   0  0   1.71e-01
   0  0   1.70e-01
   0  0   1.69e-01
   0  0   1.69e-01
   0  0   1.69e-01
   0  0   1.73e-01
   0  0   1.77e-01
   0  0   1.81e-01
   0  0   1.87e-01
   0  0   1.99e-01
   0  0   2.13e-01
   0  0   2.32e-01
   0  0   2.54e-01
   2  9   2.61e-01
   0  0   2.61e-01
   0  0   2.61e-01
   0  0   2.61e-01
   0  0   2.61e-01
   0  0   2.60e-01
   0  0   2.60e-01
   0  0   2.60e-01
   0  0   2.59e-01
   0  0   2.58e-01
   0  0   2.57e-01
   0  0   2.55e-01
   0  0   2.54e-01
   0  0   2.53e-01
   0  0   2.54e-01
   0  0   2.59e-01
   0  0   2.66e-01
   0  0   2.72e-01
   0  0   2.81e-01
   0  0   2.98e-01
   0  0   3.20e-01
   0  0   3.47e-01
   0  0   3.81e-01
   2 10   4.22e-02
   0  0   4.21e-02
   0  0   4.21e-02
   0  0   4.21e-02
   0  0   4.20e-02
   0  0   4.20e-02
   0  0   4.18e-02
   0  0   4.17e-02
   0  0   4.14e-02
   0  0   4.09e-02
   0  0   4.03e-02
   0  0   3.94e-02
   0  0   3.83e-02
   0  0   3.70e-02
   0  0   3.59e-02
   0  0   3.54e-02
   0  0   3.57e-02
   0  0   3.61e-02
   0  0   3.68e-02
   0  0   3.82e-02
   0  0   4.00e-02
   0  0   4.19e-02
   0  0   4.43e-02
   2 11   3.53e-02
   0  0   3.53e-02
   0  0   3.53e-02
   0  0   3.52e-02
   0  0   3.52e-02
   0  0   3.51e-02
   0  0   3.51e-02
   0  0   3.49e-02
   0  0   3.47e-02
   0  0   3.43e-02
   0  0   3.38e-02
   0  0   3.31e-02
   0  0   3.20e-02
   0  0   3.08e-02
   0  0   2.94e-02
   0  0   2.84e-02
   0  0   2.80e-02
   0  0   2.79e-02
   0  0   2.81e-02
   0  0   2.97e-02
   0  0   3.26e-02
   0  0   3.71e-02
   0  0   4.33e-02
   2 12   7.06e-02
   0  0   7.06e-02
   0  0   7.06e-02
   0  0   7.05e-02
   0  0   7.04e-02
   0  0   7.03e-02
   0  0   7.01e-02
   0  0   6.98e-02
   0  0   6.94e-02
   0  0   6.87e-02
   0  0   6.76e-02
   0  0   6.61e-02
   0  0   6.41e-02
   0  0   6.16e-02
   0  0   5.89e-02
   0  0   5.68e-02
   0  0   5.60e-02
   0  0   5.58e-02
   0  0   5.62e-02
   0  0   5.95e-02
   0  0   6.52e-02
   0  0   7.42e-02
   0  0   8.67e-02
   2 13   5.16e-02
   0  0   5.16e-02
   0  0   5.16e-02
   0  0   5.15e-02
   0  0   5.14e-02
   0  0   5.13e-02
   0  0   5.11e-02
   0  0   5.09e-02
   0  0   5.04e-02
   0  0   4.98e-02
   0  0   4.88e-02
   0  0   4.73e-02
   0  0   4.54e-02
   0  0   4.32e-02
   0  0   4.08e-02
   0  0   3.90e-02
   0  0   3.78e-02
   0  0   3.65e-02
   0  0   3.54e-02
   0  0   3.53e-02
   0  0   3.56e-02
   0  0   3.64e-02
   0  0   3.77e-02
   2 14   7.74e-02
   0  0   7.74e-02
   0  0   7.74e-02
   0  0   7.73e-02
   0  0   7.72e-02
   0  0   7.70e-02
   0  0   7.67e-02
   0  0   7.63e-02
   0  0   7.56e-02
   0  0   7.46e-02
   0  0   7.31e-02
   0  0   7.10e-02
   0  0   6.82e-02
   0  0   6.47e-02
   0  0   6.12e-02
   0  0   5.85e-02
   0  0   5.67e-02
   0  0   5.48e-02
   0  0   5.31e-02
   0  0   5.29e-02
   0  0   5.34e-02
   0  0   5.46e-02
   0  0   5.65e-02
   2 15   4.33e-02
   0  0   4.33e-02
   0  0   4.32e-02
   0  0   4.32e-02
   0  0   4.31e-02
   0  0   4.31e-02
   0  0   4.29e-02
   0  0   4.27e-02
   0  0   4.24e-02
   0  0   4.19e-02
   0  0   4.12e-02
   0  0   4.03e-02
   0  0   3.89e-02
   0  0   3.73e-02
   0  0   3.56e-02
   0  0   3.38e-02
   0  0   3.18e-02
   0  0   2.95e-02
   0  0   2.74e-02
   0  0   2.60e-02
   0  0   2.53e-02
   0  0   2.49e-02
   0  0   2.49e-02
   3  4   2.21e-04
   0  0   2.21e-04
   0  0   2.21e-04
   0  0   2.21e-04
   0  0   2.21e-04
   0  0   2.21e-04
   0  0   2.20e-04
   0  0   2.20e-04
   0  0   2.20e-04
   0  0   2.19e-04
   0  0   2.18e-04
   0  0   2.16e-04
   0  0   2.13e-04
   0  0   2.08e-04
   0  0   2.01e-04
   0  0   1.91e-04
   0  0   1.76e-04
   0  0   1.54e-04
   0  0   1.25e-04
   0  0   9.48e-05
   0  0   7.38e-05
   0  0   5.65e-05
   0  0   4.31e-05
 0 0 0
   1  2   3.835e+05
   1  3   8.116e+11
   1  4   8.116e+11
   1  5   0.000e+00
   1  6   2.160e+11
   1  7   2.164e+11
   1  8   2.779e+07
   1  9   2.778e+07
   1 10   0.000e+00
   1 11   8.770e+10
   1 12   8.794e+10
   1 13   1.551e+07
   1 14   1.551e+07
   1 15   0.000e+00
   2  3   0.000e+00
   2  4   0.000e+00
   2  5   0.000e+00
   2  6   2.910e+10
   2  7   2.907e+10
   2  8   2.385e+06
   2  9   2.386e+06
   2 10   0.000e+00
   2 11   1.250e+10
   2 12   1.250e+10
   2 13   0.000e+00
   2 14   0.000e+00
   2 15   0.000e+00
   3  4   0.000e+00
   3  5   2.721e+09
   3  6   0.000e+00
   3  7   0.000e+00
   3  8   6.990e+10
   3  9   0.000e+00
   3 10   1.100e+09
   3 11   0.000e+00
   3 12   0.000e+00
   3 13   2.229e+10
   3 14   0.000e+00
   3 15   2.244e+06
   4  5   5.476e+09
   4  6   0.000e+00
   4  7   0.000e+00
   4  8   1.397e+10
   4  9   8.381e+10
   4 10   2.227e+09
   4 11   0.000e+00
   4 12   0.000e+00
   4 13   4.452e+09
   4 14   2.673e+10
   4 15   6.407e+05
   5  6   0.000e+00
   5  7   0.000e+00
   5  8   0.000e+00
   5  9   0.000e+00
   5 10   0.000e+00
   5 11   3.972e+09
   5 12   3.966e+09
   5 13   0.000e+00
   5 14   0.000e+00
   5 15   0.000e+00
   6  7   0.000e+00
   6  8   0.000e+00
   6  9   0.000e+00
   6 10   7.914e+08
   6 11   0.000e+00
   6 12   0.000e+00
   6 13   7.600e+09
   6 14   0.000e+00
   6 15   2.106e+05
   7  8   0.000e+00
   7  9   0.000e+00
   7 10   1.591e+09
   7 11   0.000e+00
   7 12   0.000e+00
   7 13   1.521e+09
   7 14   9.122e+09
   7 15   0.000e+00
   8  9   0.000e+00
   8 10   0.000e+00
   8 11   4.522e+08
   8 12   4.499e+07
   8 13   0.000e+00
   8 14   0.000e+00
   8 15   1.669e+10
   9 10   0.000e+00
   9 11   0.000e+00
   9 12   4.059e+08
   9 13   0.000e+00
   9 14   0.000e+00
   9 15   1.192e+09
  10 11   0.000e+00
  10 12   0.000e+00
  10 13   0.000e+00
  10 14   0.000e+00
  10 15   0.000e+00
  11 12   0.000e+00
  11 13   0.000e+00
  11 14   0.000e+00
  11 15   0.000e+00
  12 13   0.000e+00
  12 14   0.000e+00
  12 15   0.000e+00
  13 14   0.000e+00
  13 15   0.000e+00
  14 15   0.000e+00
   1  2          0.0
   2  2    2963904.2
   3  2    2963878.0
   4  4    2964353.0
   5  2    3512929.4
   6  2    3512921.6
   7  4    3513062.4
   8  4    3513062.1
   9  6    3513109.0
  10  2    3705070.9
  11  2    3705067.6
  12  4    3705126.9
  13  4    3705126.8
  14  6    3705146.6
  15  6    3705146.6
