32
** Atomic data from version 10.1 of the CHIANTI database **
%filename: fe_4.elvlc
%observed energies: Version 3 of the NIST Atomic Spectra Database
   Available from http://physics.nist.gov/PhysRefData/ASD/index.html
%theoretical energies: These were not provided by Zhang & Pradhan (1997) so observed energies are used.
%comment: The numbers in brackets in the configuration column differentiate duplicate
   terms in the configuration. E.g., there are three 2D terms in the 3d5
   configuration. The numbering duplicates that at NIST.
% produced as part of the Arcetri/Cambridge/NRL 'CHIANTI' atomic data base collaboration
%
%   Peter Young, 31-Aug-2009
%filename: fe_4.wgfa
%filename:  fe_4.wgfa
%observed energies: Version 3 of the NIST Atomic Spectra Database
Available from http://physics.nist.gov/PhysRefData/ASD/index.html
%A-values: Froese Fischer, C., Rubin, R.H., Rodriguez, M. 2008, MNRAS, 391, 1828
% produced as part of the Arcetri/Cambridge/NRL 'CHIANTI' atomic data base collaboration
%
%   Peter Young, 31-Aug-2009
%File processed with wgfa_tidy by pryoung on  6-Mar-2019
%File processed with wgfa_tidy by pryoung on  6-Mar-2019
%filename: fe_4.scups
%file:  fe_4.splups
%Theoretical energies: Observed energies from .elvlc file.
%Effective collision strengths: Zhang, H.L. & Pradhan, A.K. 1997, A&AS, 126, 373
%Comment: The fits reproduce the original data to 1.6 % or better over the temperature range 2000 to 500,000 K.
% produced as part of the Arcetri/Cambridge/NRL 'CHIANTI' atomic data base collaboration
%
% Peter Young, 31-Aug-2009
%  - changed fits for 13-34 and 14-35 in order to remove negative spline
%    values (PRY, 26-Oct-2011)
%  - changed file from PC format to Unix format (PRY, 14-Nov-2011)
15 23
   1  3d5 6S2       
   2  3d5 4G5       
   3  3d5 4G4       
   4  3d5 4G2       
   5  3d5 4G3       
   6  3d5 4P2       
   7  3d5 4P1       
   8  3d5 4P0       
   9  3d5 4D3       
  10  3d5 4D0       
  11  3d5 4D2       
  12  3d5 4D1       
  13  3d5 2I5       
  14  3d5 2I6       
  15  3d5 (3) 2D2   
     100.0
     158.5
     251.2
     398.1
     631.0
    1000.0
    1584.9
    2511.9
    3981.1
    6309.6
   10000.0
   15848.9
   25118.9
   39810.7
   63095.7
  100000.0
  158489.3
  251188.6
  398107.2
  630957.3
 1000000.0
 1584893.2
 2511886.4
0
   1  2   1.84e+00
   0  0   1.83e+00
   0  0   1.81e+00
   0  0   1.79e+00
   0  0   1.75e+00
   0  0   1.69e+00
   0  0   1.61e+00
   0  0   1.51e+00
   0  0   1.38e+00
   0  0   1.25e+00
   0  0   1.15e+00
   0  0   1.09e+00
   0  0   1.04e+00
   0  0   1.00e+00
   0  0   9.72e-01
   0  0   9.30e-01
   0  0   8.81e-01
   0  0   8.18e-01
   0  0   7.50e-01
   0  0   6.88e-01
   0  0   6.40e-01
   0  0   6.04e-01
   0  0   5.80e-01
   1  3   1.56e+00
   0  0   1.55e+00
   0  0   1.53e+00
   0  0   1.51e+00
   0  0   1.48e+00
   0  0   1.43e+00
   0  0   1.35e+00
   0  0   1.26e+00
   0  0   1.15e+00
   0  0   1.04e+00
   0  0   9.60e-01
   0  0   9.02e-01
   0  0   8.65e-01
   0  0   8.38e-01
   0  0   8.09e-01
   0  0   7.75e-01
   0  0   7.33e-01
   0  0   6.77e-01
   0  0   6.18e-01
   0  0   5.65e-01
   0  0   5.24e-01
   0  0   4.94e-01
   0  0   4.74e-01
   1  4   1.24e+00
   0  0   1.23e+00
   0  0   1.22e+00
   0  0   1.20e+00
   0  0   1.18e+00
   0  0   1.14e+00
   0  0   1.08e+00
   0  0   1.01e+00
   0  0   9.22e-01
   0  0   8.36e-01
   0  0   7.68e-01
   0  0   7.22e-01
   0  0   6.92e-01
   0  0   6.70e-01
   0  0   6.48e-01
   0  0   6.20e-01
   0  0   5.87e-01
   0  0   5.44e-01
   0  0   4.97e-01
   0  0   4.56e-01
   0  0   4.24e-01
   0  0   4.01e-01
   0  0   3.85e-01
   1  5   9.27e-01
   0  0   9.21e-01
   0  0   9.13e-01
   0  0   9.00e-01
   0  0   8.80e-01
   0  0   8.51e-01
   0  0   8.10e-01
   0  0   7.56e-01
   0  0   6.91e-01
   0  0   6.27e-01
   0  0   5.76e-01
   0  0   5.41e-01
   0  0   5.19e-01
   0  0   5.02e-01
   0  0   4.85e-01
   0  0   4.65e-01
   0  0   4.40e-01
   0  0   4.06e-01
   0  0   3.70e-01
   0  0   3.38e-01
   0  0   3.13e-01
   0  0   2.95e-01
   0  0   2.82e-01
   1  6   6.01e-01
   0  0   6.00e-01
   0  0   6.00e-01
   0  0   5.99e-01
   0  0   5.98e-01
   0  0   5.97e-01
   0  0   5.96e-01
   0  0   5.95e-01
   0  0   5.94e-01
   0  0   5.94e-01
   0  0   5.87e-01
   0  0   5.58e-01
   0  0   5.17e-01
   0  0   4.84e-01
   0  0   4.56e-01
   0  0   4.32e-01
   0  0   4.09e-01
   0  0   3.84e-01
   0  0   3.60e-01
   0  0   3.39e-01
   0  0   3.23e-01
   0  0   3.11e-01
   0  0   3.03e-01
   1  7   4.00e-01
   0  0   4.00e-01
   0  0   3.99e-01
   0  0   3.99e-01
   0  0   3.98e-01
   0  0   3.98e-01
   0  0   3.97e-01
   0  0   3.96e-01
   0  0   3.96e-01
   0  0   3.96e-01
   0  0   3.92e-01
   0  0   3.72e-01
   0  0   3.45e-01
   0  0   3.23e-01
   0  0   3.04e-01
   0  0   2.89e-01
   0  0   2.75e-01
   0  0   2.60e-01
   0  0   2.46e-01
   0  0   2.34e-01
   0  0   2.24e-01
   0  0   2.17e-01
   0  0   2.13e-01
   1  8   2.02e-01
   0  0   2.02e-01
   0  0   2.02e-01
   0  0   2.01e-01
   0  0   2.01e-01
   0  0   2.00e-01
   0  0   1.99e-01
   0  0   1.98e-01
   0  0   1.98e-01
   0  0   1.98e-01
   0  0   1.96e-01
   0  0   1.86e-01
   0  0   1.73e-01
   0  0   1.61e-01
   0  0   1.52e-01
   0  0   1.43e-01
   0  0   1.35e-01
   0  0   1.25e-01
   0  0   1.16e-01
   0  0   1.08e-01
   0  0   1.01e-01
   0  0   9.70e-02
   0  0   9.39e-02
   1  9   5.82e-01
   0  0   5.81e-01
   0  0   5.79e-01
   0  0   5.77e-01
   0  0   5.73e-01
   0  0   5.68e-01
   0  0   5.61e-01
   0  0   5.53e-01
   0  0   5.47e-01
   0  0   5.47e-01
   0  0   5.57e-01
   0  0   5.70e-01
   0  0   5.80e-01
   0  0   5.88e-01
   0  0   5.88e-01
   0  0   5.77e-01
   0  0   5.59e-01
   0  0   5.32e-01
   0  0   5.01e-01
   0  0   4.73e-01
   0  0   4.51e-01
   0  0   4.34e-01
   0  0   4.23e-01
   1 10   4.36e-01
   0  0   4.35e-01
   0  0   4.34e-01
   0  0   4.32e-01
   0  0   4.29e-01
   0  0   4.26e-01
   0  0   4.21e-01
   0  0   4.15e-01
   0  0   4.10e-01
   0  0   4.10e-01
   0  0   4.17e-01
   0  0   4.27e-01
   0  0   4.36e-01
   0  0   4.41e-01
   0  0   4.41e-01
   0  0   4.34e-01
   0  0   4.21e-01
   0  0   4.02e-01
   0  0   3.80e-01
   0  0   3.59e-01
   0  0   3.42e-01
   0  0   3.30e-01
   0  0   3.22e-01
   1 11   2.89e-01
   0  0   2.88e-01
   0  0   2.88e-01
   0  0   2.87e-01
   0  0   2.85e-01
   0  0   2.83e-01
   0  0   2.80e-01
   0  0   2.76e-01
   0  0   2.73e-01
   0  0   2.73e-01
   0  0   2.78e-01
   0  0   2.85e-01
   0  0   2.90e-01
   0  0   2.94e-01
   0  0   2.94e-01
   0  0   2.90e-01
   0  0   2.82e-01
   0  0   2.70e-01
   0  0   2.55e-01
   0  0   2.41e-01
   0  0   2.30e-01
   0  0   2.22e-01
   0  0   2.16e-01
   1 12   1.45e-01
   0  0   1.45e-01
   0  0   1.44e-01
   0  0   1.44e-01
   0  0   1.43e-01
   0  0   1.42e-01
   0  0   1.40e-01
   0  0   1.39e-01
   0  0   1.37e-01
   0  0   1.37e-01
   0  0   1.39e-01
   0  0   1.42e-01
   0  0   1.45e-01
   0  0   1.47e-01
   0  0   1.47e-01
   0  0   1.43e-01
   0  0   1.38e-01
   0  0   1.30e-01
   0  0   1.20e-01
   0  0   1.11e-01
   0  0   1.04e-01
   0  0   9.88e-02
   0  0   9.52e-02
   2  3   4.38e+00
   0  0   4.36e+00
   0  0   4.32e+00
   0  0   4.26e+00
   0  0   4.18e+00
   0  0   4.06e+00
   0  0   3.90e+00
   0  0   3.70e+00
   0  0   3.47e+00
   0  0   3.25e+00
   0  0   3.05e+00
   0  0   2.80e+00
   0  0   2.52e+00
   0  0   2.26e+00
   0  0   2.04e+00
   0  0   1.84e+00
   0  0   1.66e+00
   0  0   1.49e+00
   0  0   1.34e+00
   0  0   1.22e+00
   0  0   1.14e+00
   0  0   1.08e+00
   0  0   1.04e+00
   2  4   1.05e+00
   0  0   1.04e+00
   0  0   1.03e+00
   0  0   1.01e+00
   0  0   9.91e-01
   0  0   9.57e-01
   0  0   9.10e-01
   0  0   8.49e-01
   0  0   7.78e-01
   0  0   7.09e-01
   0  0   6.49e-01
   0  0   5.85e-01
   0  0   5.17e-01
   0  0   4.57e-01
   0  0   4.07e-01
   0  0   3.61e-01
   0  0   3.12e-01
   0  0   2.62e-01
   0  0   2.17e-01
   0  0   1.81e-01
   0  0   1.55e-01
   0  0   1.37e-01
   0  0   1.25e-01
   2  5   2.41e-01
   0  0   2.39e-01
   0  0   2.36e-01
   0  0   2.31e-01
   0  0   2.25e-01
   0  0   2.15e-01
   0  0   2.01e-01
   0  0   1.84e-01
   0  0   1.63e-01
   0  0   1.43e-01
   0  0   1.26e-01
   0  0   1.12e-01
   0  0   9.95e-02
   0  0   9.31e-02
   0  0   9.30e-02
   0  0   9.18e-02
   0  0   8.40e-02
   0  0   7.13e-02
   0  0   5.77e-02
   0  0   4.60e-02
   0  0   3.71e-02
   0  0   3.07e-02
   0  0   2.63e-02
   2  6   6.35e-01
   0  0   6.37e-01
   0  0   6.40e-01
   0  0   6.46e-01
   0  0   6.53e-01
   0  0   6.65e-01
   0  0   6.81e-01
   0  0   7.03e-01
   0  0   7.29e-01
   0  0   7.53e-01
   0  0   7.62e-01
   0  0   7.40e-01
   0  0   6.84e-01
   0  0   6.16e-01
   0  0   5.47e-01
   0  0   4.78e-01
   0  0   4.09e-01
   0  0   3.43e-01
   0  0   2.85e-01
   0  0   2.38e-01
   0  0   2.04e-01
   0  0   1.80e-01
   0  0   1.64e-01
   2  7   3.47e-01
   0  0   3.48e-01
   0  0   3.49e-01
   0  0   3.50e-01
   0  0   3.52e-01
   0  0   3.54e-01
   0  0   3.58e-01
   0  0   3.62e-01
   0  0   3.66e-01
   0  0   3.69e-01
   0  0   3.64e-01
   0  0   3.50e-01
   0  0   3.27e-01
   0  0   3.00e-01
   0  0   2.74e-01
   0  0   2.46e-01
   0  0   2.15e-01
   0  0   1.84e-01
   0  0   1.55e-01
   0  0   1.30e-01
   0  0   1.10e-01
   0  0   9.65e-02
   0  0   8.69e-02
   2  8   4.42e-02
   0  0   4.40e-02
   0  0   4.38e-02
   0  0   4.35e-02
   0  0   4.31e-02
   0  0   4.24e-02
   0  0   4.16e-02
   0  0   4.07e-02
   0  0   4.00e-02
   0  0   3.99e-02
   0  0   4.01e-02
   0  0   3.93e-02
   0  0   3.67e-02
   0  0   3.32e-02
   0  0   2.91e-02
   0  0   2.44e-02
   0  0   1.94e-02
   0  0   1.47e-02
   0  0   1.08e-02
   0  0   7.79e-03
   0  0   5.69e-03
   0  0   4.26e-03
   0  0   3.31e-03
   2  9   1.89e+00
   0  0   1.89e+00
   0  0   1.89e+00
   0  0   1.89e+00
   0  0   1.89e+00
   0  0   1.89e+00
   0  0   1.89e+00
   0  0   1.89e+00
   0  0   1.88e+00
   0  0   1.85e+00
   0  0   1.79e+00
   0  0   1.70e+00
   0  0   1.59e+00
   0  0   1.48e+00
   0  0   1.37e+00
   0  0   1.26e+00
   0  0   1.14e+00
   0  0   1.00e+00
   0  0   8.81e-01
   0  0   7.78e-01
   0  0   6.99e-01
   0  0   6.42e-01
   0  0   6.04e-01
   2 10   7.84e-01
   0  0   7.84e-01
   0  0   7.83e-01
   0  0   7.82e-01
   0  0   7.81e-01
   0  0   7.78e-01
   0  0   7.75e-01
   0  0   7.71e-01
   0  0   7.65e-01
   0  0   7.58e-01
   0  0   7.49e-01
   0  0   7.32e-01
   0  0   7.01e-01
   0  0   6.67e-01
   0  0   6.31e-01
   0  0   5.88e-01
   0  0   5.38e-01
   0  0   4.83e-01
   0  0   4.28e-01
   0  0   3.81e-01
   0  0   3.45e-01
   0  0   3.19e-01
   0  0   3.01e-01
   2 11   2.85e-01
   0  0   2.85e-01
   0  0   2.84e-01
   0  0   2.82e-01
   0  0   2.80e-01
   0  0   2.76e-01
   0  0   2.72e-01
   0  0   2.67e-01
   0  0   2.61e-01
   0  0   2.58e-01
   0  0   2.57e-01
   0  0   2.56e-01
   0  0   2.50e-01
   0  0   2.44e-01
   0  0   2.36e-01
   0  0   2.23e-01
   0  0   2.07e-01
   0  0   1.88e-01
   0  0   1.68e-01
   0  0   1.51e-01
   0  0   1.37e-01
   0  0   1.27e-01
   0  0   1.20e-01
   2 12   7.62e-02
   0  0   7.59e-02
   0  0   7.54e-02
   0  0   7.46e-02
   0  0   7.35e-02
   0  0   7.18e-02
   0  0   6.96e-02
   0  0   6.68e-02
   0  0   6.38e-02
   0  0   6.14e-02
   0  0   6.03e-02
   0  0   5.96e-02
   0  0   5.90e-02
   0  0   5.85e-02
   0  0   5.77e-02
   0  0   5.56e-02
   0  0   5.22e-02
   0  0   4.75e-02
   0  0   4.26e-02
   0  0   3.84e-02
   0  0   3.51e-02
   0  0   3.28e-02
   0  0   3.12e-02
   2 13   2.45e+00
   0  0   2.45e+00
   0  0   2.45e+00
   0  0   2.44e+00
   0  0   2.44e+00
   0  0   2.43e+00
   0  0   2.42e+00
   0  0   2.40e+00
   0  0   2.36e+00
   0  0   2.30e+00
   0  0   2.21e+00
   0  0   2.13e+00
   0  0   2.10e+00
   0  0   2.10e+00
   0  0   2.09e+00
   0  0   2.03e+00
   0  0   1.95e+00
   0  0   1.84e+00
   0  0   1.70e+00
   0  0   1.57e+00
   0  0   1.47e+00
   0  0   1.39e+00
   0  0   1.33e+00
   2 14   3.17e-01
   0  0   3.16e-01
   0  0   3.16e-01
   0  0   3.16e-01
   0  0   3.15e-01
   0  0   3.15e-01
   0  0   3.13e-01
   0  0   3.11e-01
   0  0   3.07e-01
   0  0   3.00e-01
   0  0   2.91e-01
   0  0   2.82e-01
   0  0   2.81e-01
   0  0   2.82e-01
   0  0   2.81e-01
   0  0   2.75e-01
   0  0   2.63e-01
   0  0   2.47e-01
   0  0   2.27e-01
   0  0   2.07e-01
   0  0   1.91e-01
   0  0   1.79e-01
   0  0   1.71e-01
   2 15   5.19e-01
   0  0   5.19e-01
   0  0   5.18e-01
   0  0   5.17e-01
   0  0   5.15e-01
   0  0   5.13e-01
   0  0   5.08e-01
   0  0   5.01e-01
   0  0   4.89e-01
   0  0   4.72e-01
   0  0   4.47e-01
   0  0   4.20e-01
   0  0   3.98e-01
   0  0   3.78e-01
   0  0   3.58e-01
   0  0   3.34e-01
   0  0   3.09e-01
   0  0   2.85e-01
   0  0   2.60e-01
   0  0   2.37e-01
   0  0   2.18e-01
   0  0   2.04e-01
   0  0   1.95e-01
   3  4   3.95e+00
   0  0   3.93e+00
   0  0   3.90e+00
   0  0   3.86e+00
   0  0   3.80e+00
   0  0   3.70e+00
   0  0   3.57e+00
   0  0   3.41e+00
   0  0   3.22e+00
   0  0   3.05e+00
   0  0   2.88e+00
   0  0   2.66e+00
   0  0   2.41e+00
   0  0   2.19e+00
   0  0   2.01e+00
   0  0   1.86e+00
   0  0   1.70e+00
   0  0   1.55e+00
   0  0   1.41e+00
   0  0   1.30e+00
   0  0   1.22e+00
   0  0   1.17e+00
   0  0   1.13e+00
   3  5   1.09e+00
   0  0   1.08e+00
   0  0   1.07e+00
   0  0   1.06e+00
   0  0   1.03e+00
   0  0   1.00e+00
   0  0   9.55e-01
   0  0   8.94e-01
   0  0   8.25e-01
   0  0   7.56e-01
   0  0   6.95e-01
   0  0   6.28e-01
   0  0   5.57e-01
   0  0   5.07e-01
   0  0   4.87e-01
   0  0   4.68e-01
   0  0   4.28e-01
   0  0   3.70e-01
   0  0   3.10e-01
   0  0   2.59e-01
   0  0   2.19e-01
   0  0   1.91e-01
   0  0   1.72e-01
   3  6   4.78e-01
   0  0   4.79e-01
   0  0   4.80e-01
   0  0   4.83e-01
   0  0   4.87e-01
   0  0   4.93e-01
   0  0   5.02e-01
   0  0   5.13e-01
   0  0   5.25e-01
   0  0   5.35e-01
   0  0   5.36e-01
   0  0   5.18e-01
   0  0   4.82e-01
   0  0   4.37e-01
   0  0   3.93e-01
   0  0   3.48e-01
   0  0   3.01e-01
   0  0   2.55e-01
   0  0   2.12e-01
   0  0   1.76e-01
   0  0   1.50e-01
   0  0   1.31e-01
   0  0   1.18e-01
   3  7   1.76e-01
   0  0   1.77e-01
   0  0   1.78e-01
   0  0   1.79e-01
   0  0   1.82e-01
   0  0   1.85e-01
   0  0   1.90e-01
   0  0   1.97e-01
   0  0   2.06e-01
   0  0   2.15e-01
   0  0   2.21e-01
   0  0   2.17e-01
   0  0   2.00e-01
   0  0   1.77e-01
   0  0   1.54e-01
   0  0   1.29e-01
   0  0   1.06e-01
   0  0   8.43e-02
   0  0   6.66e-02
   0  0   5.31e-02
   0  0   4.34e-02
   0  0   3.68e-02
   0  0   3.23e-02
   3  8   2.01e-01
   0  0   2.02e-01
   0  0   2.02e-01
   0  0   2.03e-01
   0  0   2.05e-01
   0  0   2.06e-01
   0  0   2.09e-01
   0  0   2.12e-01
   0  0   2.16e-01
   0  0   2.17e-01
   0  0   2.15e-01
   0  0   2.06e-01
   0  0   1.92e-01
   0  0   1.76e-01
   0  0   1.61e-01
   0  0   1.45e-01
   0  0   1.27e-01
   0  0   1.10e-01
   0  0   9.35e-02
   0  0   7.87e-02
   0  0   6.69e-02
   0  0   5.82e-02
   0  0   5.22e-02
   3  9   1.02e+00
   0  0   1.02e+00
   0  0   1.02e+00
   0  0   1.02e+00
   0  0   1.02e+00
   0  0   1.02e+00
   0  0   1.01e+00
   0  0   1.01e+00
   0  0   1.01e+00
   0  0   9.94e-01
   0  0   9.74e-01
   0  0   9.41e-01
   0  0   8.95e-01
   0  0   8.47e-01
   0  0   7.96e-01
   0  0   7.38e-01
   0  0   6.73e-01
   0  0   6.03e-01
   0  0   5.29e-01
   0  0   4.59e-01
   0  0   3.99e-01
   0  0   3.53e-01
   0  0   3.20e-01
   3 10   8.19e-01
   0  0   8.19e-01
   0  0   8.19e-01
   0  0   8.19e-01
   0  0   8.18e-01
   0  0   8.17e-01
   0  0   8.14e-01
   0  0   8.09e-01
   0  0   8.00e-01
   0  0   7.82e-01
   0  0   7.51e-01
   0  0   7.09e-01
   0  0   6.64e-01
   0  0   6.19e-01
   0  0   5.78e-01
   0  0   5.31e-01
   0  0   4.79e-01
   0  0   4.26e-01
   0  0   3.75e-01
   0  0   3.30e-01
   0  0   2.95e-01
   0  0   2.70e-01
   0  0   2.52e-01
   3 11   4.70e-01
   0  0   4.70e-01
   0  0   4.70e-01
   0  0   4.69e-01
   0  0   4.69e-01
   0  0   4.69e-01
   0  0   4.68e-01
   0  0   4.67e-01
   0  0   4.64e-01
   0  0   4.58e-01
   0  0   4.47e-01
   0  0   4.29e-01
   0  0   4.06e-01
   0  0   3.81e-01
   0  0   3.56e-01
   0  0   3.29e-01
   0  0   2.98e-01
   0  0   2.66e-01
   0  0   2.33e-01
   0  0   2.03e-01
   0  0   1.79e-01
   0  0   1.60e-01
   0  0   1.47e-01
   3 12   2.17e-01
   0  0   2.16e-01
   0  0   2.16e-01
   0  0   2.15e-01
   0  0   2.14e-01
   0  0   2.13e-01
   0  0   2.11e-01
   0  0   2.09e-01
   0  0   2.07e-01
   0  0   2.06e-01
   0  0   2.07e-01
   0  0   2.06e-01
   0  0   2.00e-01
   0  0   1.94e-01
   0  0   1.86e-01
   0  0   1.75e-01
   0  0   1.61e-01
   0  0   1.44e-01
   0  0   1.28e-01
   0  0   1.14e-01
   0  0   1.03e-01
   0  0   9.46e-02
   0  0   8.92e-02
   3 13   1.30e+00
   0  0   1.30e+00
   0  0   1.30e+00
   0  0   1.30e+00
   0  0   1.30e+00
   0  0   1.30e+00
   0  0   1.29e+00
   0  0   1.28e+00
   0  0   1.26e+00
   0  0   1.23e+00
   0  0   1.18e+00
   0  0   1.14e+00
   0  0   1.13e+00
   0  0   1.13e+00
   0  0   1.12e+00
   0  0   1.09e+00
   0  0   1.05e+00
   0  0   9.85e-01
   0  0   9.12e-01
   0  0   8.43e-01
   0  0   7.88e-01
   0  0   7.48e-01
   0  0   7.20e-01
   3 14   1.00e+00
   0  0   1.00e+00
   0  0   9.99e-01
   0  0   9.98e-01
   0  0   9.96e-01
   0  0   9.93e-01
   0  0   9.87e-01
   0  0   9.78e-01
   0  0   9.62e-01
   0  0   9.37e-01
   0  0   9.03e-01
   0  0   8.70e-01
   0  0   8.60e-01
   0  0   8.59e-01
   0  0   8.53e-01
   0  0   8.32e-01
   0  0   7.96e-01
   0  0   7.49e-01
   0  0   6.93e-01
   0  0   6.38e-01
   0  0   5.93e-01
   0  0   5.59e-01
   0  0   5.35e-01
   3 15   3.11e-01
   0  0   3.11e-01
   0  0   3.11e-01
   0  0   3.10e-01
   0  0   3.09e-01
   0  0   3.07e-01
   0  0   3.05e-01
   0  0   3.01e-01
   0  0   2.94e-01
   0  0   2.84e-01
   0  0   2.70e-01
   0  0   2.55e-01
   0  0   2.42e-01
   0  0   2.30e-01
   0  0   2.19e-01
   0  0   2.03e-01
   0  0   1.87e-01
   0  0   1.70e-01
   0  0   1.54e-01
   0  0   1.39e-01
   0  0   1.28e-01
   0  0   1.20e-01
   0  0   1.14e-01
   4  5   3.31e+00
   0  0   3.29e+00
   0  0   3.27e+00
   0  0   3.23e+00
   0  0   3.17e+00
   0  0   3.09e+00
   0  0   2.98e+00
   0  0   2.83e+00
   0  0   2.68e+00
   0  0   2.52e+00
   0  0   2.38e+00
   0  0   2.20e+00
   0  0   1.99e+00
   0  0   1.82e+00
   0  0   1.69e+00
   0  0   1.58e+00
   0  0   1.44e+00
   0  0   1.29e+00
   0  0   1.15e+00
   0  0   1.03e+00
   0  0   9.41e-01
   0  0   8.80e-01
   0  0   8.39e-01
   4  6   2.88e-01
   0  0   2.89e-01
   0  0   2.89e-01
   0  0   2.91e-01
   0  0   2.92e-01
   0  0   2.95e-01
   0  0   2.99e-01
   0  0   3.03e-01
   0  0   3.08e-01
   0  0   3.12e-01
   0  0   3.11e-01
   0  0   3.01e-01
   0  0   2.80e-01
   0  0   2.55e-01
   0  0   2.31e-01
   0  0   2.05e-01
   0  0   1.78e-01
   0  0   1.50e-01
   0  0   1.24e-01
   0  0   1.02e-01
   0  0   8.59e-02
   0  0   7.40e-02
   0  0   6.59e-02
   4  7   2.21e-01
   0  0   2.22e-01
   0  0   2.23e-01
   0  0   2.24e-01
   0  0   2.27e-01
   0  0   2.31e-01
   0  0   2.36e-01
   0  0   2.44e-01
   0  0   2.53e-01
   0  0   2.61e-01
   0  0   2.65e-01
   0  0   2.58e-01
   0  0   2.38e-01
   0  0   2.14e-01
   0  0   1.89e-01
   0  0   1.64e-01
   0  0   1.38e-01
   0  0   1.14e-01
   0  0   9.35e-02
   0  0   7.71e-02
   0  0   6.50e-02
   0  0   5.66e-02
   0  0   5.09e-02
   4  8   1.74e-01
   0  0   1.75e-01
   0  0   1.76e-01
   0  0   1.77e-01
   0  0   1.79e-01
   0  0   1.82e-01
   0  0   1.85e-01
   0  0   1.90e-01
   0  0   1.96e-01
   0  0   2.01e-01
   0  0   2.01e-01
   0  0   1.95e-01
   0  0   1.81e-01
   0  0   1.64e-01
   0  0   1.47e-01
   0  0   1.30e-01
   0  0   1.12e-01
   0  0   9.43e-02
   0  0   7.82e-02
   0  0   6.50e-02
   0  0   5.51e-02
   0  0   4.81e-02
   0  0   4.33e-02
   4  9   5.10e-01
   0  0   5.09e-01
   0  0   5.08e-01
   0  0   5.07e-01
   0  0   5.05e-01
   0  0   5.01e-01
   0  0   4.97e-01
   0  0   4.91e-01
   0  0   4.85e-01
   0  0   4.79e-01
   0  0   4.75e-01
   0  0   4.66e-01
   0  0   4.50e-01
   0  0   4.33e-01
   0  0   4.13e-01
   0  0   3.88e-01
   0  0   3.58e-01
   0  0   3.23e-01
   0  0   2.88e-01
   0  0   2.58e-01
   0  0   2.34e-01
   0  0   2.18e-01
   0  0   2.06e-01
   4 10   6.53e-01
   0  0   6.53e-01
   0  0   6.53e-01
   0  0   6.53e-01
   0  0   6.53e-01
   0  0   6.53e-01
   0  0   6.52e-01
   0  0   6.50e-01
   0  0   6.45e-01
   0  0   6.35e-01
   0  0   6.15e-01
   0  0   5.84e-01
   0  0   5.48e-01
   0  0   5.11e-01
   0  0   4.75e-01
   0  0   4.37e-01
   0  0   3.94e-01
   0  0   3.50e-01
   0  0   3.07e-01
   0  0   2.71e-01
   0  0   2.42e-01
   0  0   2.22e-01
   0  0   2.08e-01
   4 11   5.69e-01
   0  0   5.69e-01
   0  0   5.68e-01
   0  0   5.68e-01
   0  0   5.67e-01
   0  0   5.66e-01
   0  0   5.64e-01
   0  0   5.61e-01
   0  0   5.55e-01
   0  0   5.45e-01
   0  0   5.29e-01
   0  0   5.06e-01
   0  0   4.78e-01
   0  0   4.50e-01
   0  0   4.22e-01
   0  0   3.91e-01
   0  0   3.55e-01
   0  0   3.16e-01
   0  0   2.77e-01
   0  0   2.41e-01
   0  0   2.12e-01
   0  0   1.90e-01
   0  0   1.75e-01
   4 12   2.93e-01
   0  0   2.93e-01
   0  0   2.93e-01
   0  0   2.94e-01
   0  0   2.94e-01
   0  0   2.94e-01
   0  0   2.95e-01
   0  0   2.95e-01
   0  0   2.95e-01
   0  0   2.92e-01
   0  0   2.85e-01
   0  0   2.73e-01
   0  0   2.56e-01
   0  0   2.39e-01
   0  0   2.22e-01
   0  0   2.04e-01
   0  0   1.83e-01
   0  0   1.61e-01
   0  0   1.40e-01
   0  0   1.22e-01
   0  0   1.08e-01
   0  0   9.76e-02
   0  0   9.07e-02
   4 13   5.68e-01
   0  0   5.68e-01
   0  0   5.67e-01
   0  0   5.67e-01
   0  0   5.65e-01
   0  0   5.64e-01
   0  0   5.61e-01
   0  0   5.55e-01
   0  0   5.47e-01
   0  0   5.33e-01
   0  0   5.14e-01
   0  0   4.97e-01
   0  0   4.91e-01
   0  0   4.91e-01
   0  0   4.89e-01
   0  0   4.77e-01
   0  0   4.57e-01
   0  0   4.29e-01
   0  0   3.97e-01
   0  0   3.65e-01
   0  0   3.39e-01
   0  0   3.20e-01
   0  0   3.06e-01
   4 14   1.27e+00
   0  0   1.27e+00
   0  0   1.27e+00
   0  0   1.27e+00
   0  0   1.27e+00
   0  0   1.27e+00
   0  0   1.26e+00
   0  0   1.25e+00
   0  0   1.23e+00
   0  0   1.20e+00
   0  0   1.16e+00
   0  0   1.11e+00
   0  0   1.10e+00
   0  0   1.10e+00
   0  0   1.09e+00
   0  0   1.06e+00
   0  0   1.02e+00
   0  0   9.53e-01
   0  0   8.82e-01
   0  0   8.16e-01
   0  0   7.63e-01
   0  0   7.25e-01
   0  0   6.99e-01
   4 15   1.70e-01
   0  0   1.70e-01
   0  0   1.70e-01
   0  0   1.69e-01
   0  0   1.68e-01
   0  0   1.67e-01
   0  0   1.66e-01
   0  0   1.63e-01
   0  0   1.60e-01
   0  0   1.55e-01
   0  0   1.49e-01
   0  0   1.42e-01
   0  0   1.35e-01
   0  0   1.29e-01
   0  0   1.22e-01
   0  0   1.14e-01
   0  0   1.04e-01
   0  0   9.43e-02
   0  0   8.33e-02
   0  0   7.35e-02
   0  0   6.65e-02
   0  0   6.19e-02
   0  0   5.90e-02
   5  6   1.36e-01
   0  0   1.36e-01
   0  0   1.36e-01
   0  0   1.36e-01
   0  0   1.37e-01
   0  0   1.37e-01
   0  0   1.38e-01
   0  0   1.39e-01
   0  0   1.41e-01
   0  0   1.41e-01
   0  0   1.40e-01
   0  0   1.35e-01
   0  0   1.26e-01
   0  0   1.15e-01
   0  0   1.04e-01
   0  0   9.15e-02
   0  0   7.84e-02
   0  0   6.49e-02
   0  0   5.23e-02
   0  0   4.17e-02
   0  0   3.34e-02
   0  0   2.74e-02
   0  0   2.32e-02
   5  7   2.83e-01
   0  0   2.84e-01
   0  0   2.85e-01
   0  0   2.87e-01
   0  0   2.89e-01
   0  0   2.93e-01
   0  0   2.98e-01
   0  0   3.04e-01
   0  0   3.11e-01
   0  0   3.17e-01
   0  0   3.16e-01
   0  0   3.04e-01
   0  0   2.83e-01
   0  0   2.58e-01
   0  0   2.34e-01
   0  0   2.09e-01
   0  0   1.82e-01
   0  0   1.56e-01
   0  0   1.31e-01
   0  0   1.10e-01
   0  0   9.46e-02
   0  0   8.35e-02
   0  0   7.60e-02
   5  8   9.41e-02
   0  0   9.46e-02
   0  0   9.54e-02
   0  0   9.65e-02
   0  0   9.83e-02
   0  0   1.01e-01
   0  0   1.05e-01
   0  0   1.10e-01
   0  0   1.16e-01
   0  0   1.23e-01
   0  0   1.27e-01
   0  0   1.25e-01
   0  0   1.15e-01
   0  0   1.01e-01
   0  0   8.72e-02
   0  0   7.31e-02
   0  0   5.97e-02
   0  0   4.76e-02
   0  0   3.74e-02
   0  0   2.97e-02
   0  0   2.41e-02
   0  0   2.02e-02
   0  0   1.76e-02
   5  9   2.17e-01
   0  0   2.17e-01
   0  0   2.16e-01
   0  0   2.14e-01
   0  0   2.13e-01
   0  0   2.10e-01
   0  0   2.06e-01
   0  0   2.01e-01
   0  0   1.96e-01
   0  0   1.92e-01
   0  0   1.90e-01
   0  0   1.88e-01
   0  0   1.84e-01
   0  0   1.80e-01
   0  0   1.75e-01
   0  0   1.66e-01
   0  0   1.55e-01
   0  0   1.41e-01
   0  0   1.27e-01
   0  0   1.14e-01
   0  0   1.05e-01
   0  0   9.76e-02
   0  0   9.28e-02
   5 10   4.71e-01
   0  0   4.71e-01
   0  0   4.70e-01
   0  0   4.70e-01
   0  0   4.69e-01
   0  0   4.68e-01
   0  0   4.66e-01
   0  0   4.64e-01
   0  0   4.61e-01
   0  0   4.58e-01
   0  0   4.53e-01
   0  0   4.44e-01
   0  0   4.26e-01
   0  0   4.06e-01
   0  0   3.85e-01
   0  0   3.59e-01
   0  0   3.30e-01
   0  0   2.97e-01
   0  0   2.64e-01
   0  0   2.36e-01
   0  0   2.13e-01
   0  0   1.97e-01
   0  0   1.86e-01
   5 11   4.99e-01
   0  0   4.99e-01
   0  0   5.00e-01
   0  0   5.00e-01
   0  0   5.01e-01
   0  0   5.02e-01
   0  0   5.03e-01
   0  0   5.03e-01
   0  0   5.01e-01
   0  0   4.95e-01
   0  0   4.80e-01
   0  0   4.55e-01
   0  0   4.25e-01
   0  0   3.95e-01
   0  0   3.67e-01
   0  0   3.36e-01
   0  0   3.03e-01
   0  0   2.70e-01
   0  0   2.38e-01
   0  0   2.11e-01
   0  0   1.91e-01
   0  0   1.77e-01
   0  0   1.67e-01
   5 12   3.24e-01
   0  0   3.25e-01
   0  0   3.25e-01
   0  0   3.25e-01
   0  0   3.26e-01
   0  0   3.27e-01
   0  0   3.28e-01
   0  0   3.27e-01
   0  0   3.25e-01
   0  0   3.18e-01
   0  0   3.05e-01
   0  0   2.85e-01
   0  0   2.64e-01
   0  0   2.43e-01
   0  0   2.25e-01
   0  0   2.04e-01
   0  0   1.83e-01
   0  0   1.61e-01
   0  0   1.40e-01
   0  0   1.23e-01
   0  0   1.10e-01
   0  0   1.01e-01
   0  0   9.44e-02
   5 13   1.44e-01
   0  0   1.44e-01
   0  0   1.44e-01
   0  0   1.44e-01
   0  0   1.44e-01
   0  0   1.43e-01
   0  0   1.43e-01
   0  0   1.42e-01
   0  0   1.41e-01
   0  0   1.38e-01
   0  0   1.34e-01
   0  0   1.30e-01
   0  0   1.29e-01
   0  0   1.30e-01
   0  0   1.30e-01
   0  0   1.27e-01
   0  0   1.22e-01
   0  0   1.14e-01
   0  0   1.05e-01
   0  0   9.55e-02
   0  0   8.76e-02
   0  0   8.16e-02
   0  0   7.74e-02
   5 14   1.25e+00
   0  0   1.25e+00
   0  0   1.25e+00
   0  0   1.24e+00
   0  0   1.24e+00
   0  0   1.24e+00
   0  0   1.23e+00
   0  0   1.22e+00
   0  0   1.19e+00
   0  0   1.16e+00
   0  0   1.12e+00
   0  0   1.08e+00
   0  0   1.06e+00
   0  0   1.06e+00
   0  0   1.05e+00
   0  0   1.02e+00
   0  0   9.74e-01
   0  0   9.18e-01
   0  0   8.50e-01
   0  0   7.82e-01
   0  0   7.23e-01
   0  0   6.79e-01
   0  0   6.48e-01
   5 15   8.01e-02
   0  0   8.01e-02
   0  0   8.00e-02
   0  0   7.99e-02
   0  0   7.97e-02
   0  0   7.95e-02
   0  0   7.90e-02
   0  0   7.83e-02
   0  0   7.72e-02
   0  0   7.54e-02
   0  0   7.29e-02
   0  0   6.98e-02
   0  0   6.72e-02
   0  0   6.47e-02
   0  0   6.15e-02
   0  0   5.73e-02
   0  0   5.22e-02
   0  0   4.67e-02
   0  0   4.12e-02
   0  0   3.63e-02
   0  0   3.23e-02
   0  0   2.95e-02
   0  0   2.74e-02
   6  7   9.96e-01
   0  0   9.92e-01
   0  0   9.85e-01
   0  0   9.75e-01
   0  0   9.61e-01
   0  0   9.41e-01
   0  0   9.17e-01
   0  0   8.92e-01
   0  0   8.75e-01
   0  0   8.76e-01
   0  0   8.82e-01
   0  0   8.48e-01
   0  0   7.83e-01
   0  0   7.07e-01
   0  0   6.32e-01
   0  0   5.61e-01
   0  0   4.93e-01
   0  0   4.31e-01
   0  0   3.80e-01
   0  0   3.40e-01
   0  0   3.12e-01
   0  0   2.93e-01
   0  0   2.80e-01
   6  8   3.79e-01
   0  0   3.76e-01
   0  0   3.73e-01
   0  0   3.68e-01
   0  0   3.60e-01
   0  0   3.49e-01
   0  0   3.35e-01
   0  0   3.20e-01
   0  0   3.08e-01
   0  0   3.04e-01
   0  0   3.04e-01
   0  0   2.94e-01
   0  0   2.72e-01
   0  0   2.44e-01
   0  0   2.16e-01
   0  0   1.88e-01
   0  0   1.60e-01
   0  0   1.34e-01
   0  0   1.11e-01
   0  0   9.39e-02
   0  0   8.13e-02
   0  0   7.27e-02
   0  0   6.69e-02
   6  9   7.89e-01
   0  0   7.91e-01
   0  0   7.95e-01
   0  0   8.01e-01
   0  0   8.10e-01
   0  0   8.23e-01
   0  0   8.42e-01
   0  0   8.66e-01
   0  0   8.94e-01
   0  0   9.19e-01
   0  0   9.28e-01
   0  0   9.07e-01
   0  0   8.62e-01
   0  0   8.06e-01
   0  0   7.47e-01
   0  0   6.81e-01
   0  0   6.15e-01
   0  0   5.57e-01
   0  0   5.09e-01
   0  0   4.70e-01
   0  0   4.42e-01
   0  0   4.22e-01
   0  0   4.09e-01
   6 10   5.10e-01
   0  0   5.11e-01
   0  0   5.13e-01
   0  0   5.16e-01
   0  0   5.20e-01
   0  0   5.27e-01
   0  0   5.36e-01
   0  0   5.49e-01
   0  0   5.64e-01
   0  0   5.77e-01
   0  0   5.82e-01
   0  0   5.70e-01
   0  0   5.44e-01
   0  0   5.10e-01
   0  0   4.74e-01
   0  0   4.34e-01
   0  0   3.93e-01
   0  0   3.58e-01
   0  0   3.27e-01
   0  0   3.02e-01
   0  0   2.84e-01
   0  0   2.70e-01
   0  0   2.61e-01
   6 11   2.79e-01
   0  0   2.79e-01
   0  0   2.80e-01
   0  0   2.82e-01
   0  0   2.84e-01
   0  0   2.87e-01
   0  0   2.91e-01
   0  0   2.97e-01
   0  0   3.04e-01
   0  0   3.10e-01
   0  0   3.12e-01
   0  0   3.04e-01
   0  0   2.88e-01
   0  0   2.68e-01
   0  0   2.46e-01
   0  0   2.24e-01
   0  0   2.01e-01
   0  0   1.79e-01
   0  0   1.60e-01
   0  0   1.45e-01
   0  0   1.34e-01
   0  0   1.25e-01
   0  0   1.20e-01
   6 12   1.15e-01
   0  0   1.15e-01
   0  0   1.16e-01
   0  0   1.16e-01
   0  0   1.17e-01
   0  0   1.19e-01
   0  0   1.20e-01
   0  0   1.23e-01
   0  0   1.26e-01
   0  0   1.28e-01
   0  0   1.29e-01
   0  0   1.25e-01
   0  0   1.17e-01
   0  0   1.07e-01
   0  0   9.63e-02
   0  0   8.50e-02
   0  0   7.35e-02
   0  0   6.24e-02
   0  0   5.25e-02
   0  0   4.43e-02
   0  0   3.81e-02
   0  0   3.37e-02
   0  0   3.07e-02
   6 13   1.48e-02
   0  0   1.51e-02
   0  0   1.56e-02
   0  0   1.62e-02
   0  0   1.72e-02
   0  0   1.85e-02
   0  0   2.00e-02
   0  0   2.16e-02
   0  0   2.25e-02
   0  0   2.24e-02
   0  0   2.19e-02
   0  0   2.19e-02
   0  0   2.17e-02
   0  0   2.08e-02
   0  0   1.88e-02
   0  0   1.58e-02
   0  0   1.25e-02
   0  0   9.37e-03
   0  0   6.81e-03
   0  0   4.88e-03
   0  0   3.53e-03
   0  0   2.62e-03
   0  0   2.02e-03
   6 14   6.42e-03
   0  0   6.52e-03
   0  0   6.68e-03
   0  0   6.91e-03
   0  0   7.24e-03
   0  0   7.70e-03
   0  0   8.26e-03
   0  0   8.85e-03
   0  0   9.29e-03
   0  0   9.44e-03
   0  0   9.61e-03
   0  0   1.00e-02
   0  0   1.02e-02
   0  0   9.96e-03
   0  0   9.04e-03
   0  0   7.63e-03
   0  0   6.02e-03
   0  0   4.51e-03
   0  0   3.27e-03
   0  0   2.35e-03
   0  0   1.70e-03
   0  0   1.26e-03
   0  0   9.71e-04
   6 15   7.91e-01
   0  0   7.88e-01
   0  0   7.85e-01
   0  0   7.79e-01
   0  0   7.70e-01
   0  0   7.57e-01
   0  0   7.39e-01
   0  0   7.16e-01
   0  0   6.91e-01
   0  0   6.68e-01
   0  0   6.52e-01
   0  0   6.32e-01
   0  0   6.05e-01
   0  0   5.78e-01
   0  0   5.51e-01
   0  0   5.27e-01
   0  0   5.07e-01
   0  0   4.82e-01
   0  0   4.55e-01
   0  0   4.31e-01
   0  0   4.12e-01
   0  0   3.99e-01
   0  0   3.89e-01
   7  8   4.74e-01
   0  0   4.73e-01
   0  0   4.71e-01
   0  0   4.68e-01
   0  0   4.64e-01
   0  0   4.58e-01
   0  0   4.52e-01
   0  0   4.46e-01
   0  0   4.46e-01
   0  0   4.52e-01
   0  0   4.57e-01
   0  0   4.37e-01
   0  0   4.03e-01
   0  0   3.65e-01
   0  0   3.29e-01
   0  0   2.95e-01
   0  0   2.62e-01
   0  0   2.32e-01
   0  0   2.05e-01
   0  0   1.85e-01
   0  0   1.70e-01
   0  0   1.60e-01
   0  0   1.54e-01
   7  9   4.20e-01
   0  0   4.21e-01
   0  0   4.22e-01
   0  0   4.24e-01
   0  0   4.28e-01
   0  0   4.32e-01
   0  0   4.39e-01
   0  0   4.48e-01
   0  0   4.59e-01
   0  0   4.69e-01
   0  0   4.73e-01
   0  0   4.65e-01
   0  0   4.45e-01
   0  0   4.18e-01
   0  0   3.89e-01
   0  0   3.57e-01
   0  0   3.25e-01
   0  0   2.96e-01
   0  0   2.73e-01
   0  0   2.54e-01
   0  0   2.40e-01
   0  0   2.31e-01
   0  0   2.24e-01
   7 10   2.99e-01
   0  0   3.00e-01
   0  0   3.02e-01
   0  0   3.04e-01
   0  0   3.08e-01
   0  0   3.13e-01
   0  0   3.21e-01
   0  0   3.31e-01
   0  0   3.43e-01
   0  0   3.53e-01
   0  0   3.55e-01
   0  0   3.43e-01
   0  0   3.19e-01
   0  0   2.91e-01
   0  0   2.63e-01
   0  0   2.34e-01
   0  0   2.06e-01
   0  0   1.80e-01
   0  0   1.57e-01
   0  0   1.39e-01
   0  0   1.25e-01
   0  0   1.15e-01
   0  0   1.09e-01
   7 11   2.52e-01
   0  0   2.52e-01
   0  0   2.54e-01
   0  0   2.55e-01
   0  0   2.58e-01
   0  0   2.62e-01
   0  0   2.68e-01
   0  0   2.75e-01
   0  0   2.84e-01
   0  0   2.92e-01
   0  0   2.95e-01
   0  0   2.89e-01
   0  0   2.74e-01
   0  0   2.57e-01
   0  0   2.39e-01
   0  0   2.19e-01
   0  0   2.00e-01
   0  0   1.83e-01
   0  0   1.68e-01
   0  0   1.56e-01
   0  0   1.48e-01
   0  0   1.42e-01
   0  0   1.38e-01
   7 12   1.55e-01
   0  0   1.55e-01
   0  0   1.56e-01
   0  0   1.56e-01
   0  0   1.58e-01
   0  0   1.60e-01
   0  0   1.62e-01
   0  0   1.66e-01
   0  0   1.71e-01
   0  0   1.75e-01
   0  0   1.77e-01
   0  0   1.74e-01
   0  0   1.69e-01
   0  0   1.62e-01
   0  0   1.54e-01
   0  0   1.44e-01
   0  0   1.35e-01
   0  0   1.27e-01
   0  0   1.21e-01
   0  0   1.16e-01
   0  0   1.12e-01
   0  0   1.08e-01
   0  0   1.06e-01
   7 13   6.12e-03
   0  0   6.23e-03
   0  0   6.39e-03
   0  0   6.63e-03
   0  0   6.97e-03
   0  0   7.44e-03
   0  0   8.02e-03
   0  0   8.61e-03
   0  0   9.02e-03
   0  0   9.10e-03
   0  0   9.13e-03
   0  0   9.35e-03
   0  0   9.45e-03
   0  0   9.18e-03
   0  0   8.31e-03
   0  0   7.02e-03
   0  0   5.56e-03
   0  0   4.18e-03
   0  0   3.04e-03
   0  0   2.18e-03
   0  0   1.58e-03
   0  0   1.18e-03
   0  0   9.10e-04
   7 14   8.53e-03
   0  0   8.66e-03
   0  0   8.85e-03
   0  0   9.15e-03
   0  0   9.58e-03
   0  0   1.02e-02
   0  0   1.09e-02
   0  0   1.16e-02
   0  0   1.22e-02
   0  0   1.22e-02
   0  0   1.19e-02
   0  0   1.19e-02
   0  0   1.18e-02
   0  0   1.13e-02
   0  0   1.03e-02
   0  0   8.62e-03
   0  0   6.78e-03
   0  0   5.06e-03
   0  0   3.65e-03
   0  0   2.60e-03
   0  0   1.86e-03
   0  0   1.36e-03
   0  0   1.03e-03
   7 15   3.43e-01
   0  0   3.41e-01
   0  0   3.39e-01
   0  0   3.36e-01
   0  0   3.32e-01
   0  0   3.25e-01
   0  0   3.16e-01
   0  0   3.04e-01
   0  0   2.90e-01
   0  0   2.77e-01
   0  0   2.65e-01
   0  0   2.55e-01
   0  0   2.43e-01
   0  0   2.30e-01
   0  0   2.16e-01
   0  0   2.02e-01
   0  0   1.87e-01
   0  0   1.72e-01
   0  0   1.57e-01
   0  0   1.44e-01
   0  0   1.34e-01
   0  0   1.28e-01
   0  0   1.23e-01
   8  9   1.43e-01
   0  0   1.44e-01
   0  0   1.44e-01
   0  0   1.45e-01
   0  0   1.46e-01
   0  0   1.47e-01
   0  0   1.49e-01
   0  0   1.52e-01
   0  0   1.55e-01
   0  0   1.58e-01
   0  0   1.58e-01
   0  0   1.53e-01
   0  0   1.42e-01
   0  0   1.29e-01
   0  0   1.15e-01
   0  0   1.01e-01
   0  0   8.62e-02
   0  0   7.20e-02
   0  0   5.93e-02
   0  0   4.88e-02
   0  0   4.08e-02
   0  0   3.51e-02
   0  0   3.12e-02
   8 10   2.05e-01
   0  0   2.05e-01
   0  0   2.06e-01
   0  0   2.07e-01
   0  0   2.09e-01
   0  0   2.11e-01
   0  0   2.15e-01
   0  0   2.19e-01
   0  0   2.25e-01
   0  0   2.30e-01
   0  0   2.33e-01
   0  0   2.31e-01
   0  0   2.23e-01
   0  0   2.13e-01
   0  0   2.02e-01
   0  0   1.89e-01
   0  0   1.76e-01
   0  0   1.65e-01
   0  0   1.56e-01
   0  0   1.49e-01
   0  0   1.44e-01
   0  0   1.41e-01
   0  0   1.39e-01
   8 11   1.47e-01
   0  0   1.47e-01
   0  0   1.48e-01
   0  0   1.49e-01
   0  0   1.51e-01
   0  0   1.53e-01
   0  0   1.57e-01
   0  0   1.61e-01
   0  0   1.67e-01
   0  0   1.72e-01
   0  0   1.74e-01
   0  0   1.70e-01
   0  0   1.62e-01
   0  0   1.52e-01
   0  0   1.42e-01
   0  0   1.30e-01
   0  0   1.18e-01
   0  0   1.07e-01
   0  0   9.73e-02
   0  0   9.00e-02
   0  0   8.46e-02
   0  0   8.09e-02
   0  0   7.84e-02
   8 12   6.85e-02
   0  0   6.88e-02
   0  0   6.93e-02
   0  0   7.01e-02
   0  0   7.12e-02
   0  0   7.28e-02
   0  0   7.52e-02
   0  0   7.82e-02
   0  0   8.16e-02
   0  0   8.44e-02
   0  0   8.50e-02
   0  0   8.20e-02
   0  0   7.63e-02
   0  0   6.96e-02
   0  0   6.29e-02
   0  0   5.54e-02
   0  0   4.74e-02
   0  0   3.96e-02
   0  0   3.27e-02
   0  0   2.70e-02
   0  0   2.27e-02
   0  0   1.97e-02
   0  0   1.77e-02
   8 13   2.02e-03
   0  0   2.04e-03
   0  0   2.07e-03
   0  0   2.12e-03
   0  0   2.20e-03
   0  0   2.30e-03
   0  0   2.44e-03
   0  0   2.58e-03
   0  0   2.72e-03
   0  0   2.80e-03
   0  0   2.90e-03
   0  0   3.10e-03
   0  0   3.21e-03
   0  0   3.16e-03
   0  0   2.88e-03
   0  0   2.43e-03
   0  0   1.91e-03
   0  0   1.42e-03
   0  0   1.02e-03
   0  0   7.28e-04
   0  0   5.19e-04
   0  0   3.78e-04
   0  0   2.85e-04
   8 14   5.19e-03
   0  0   5.29e-03
   0  0   5.45e-03
   0  0   5.68e-03
   0  0   6.02e-03
   0  0   6.47e-03
   0  0   7.02e-03
   0  0   7.56e-03
   0  0   7.88e-03
   0  0   7.80e-03
   0  0   7.58e-03
   0  0   7.51e-03
   0  0   7.40e-03
   0  0   7.09e-03
   0  0   6.37e-03
   0  0   5.36e-03
   0  0   4.22e-03
   0  0   3.15e-03
   0  0   2.28e-03
   0  0   1.62e-03
   0  0   1.16e-03
   0  0   8.47e-04
   0  0   6.41e-04
   8 15   1.15e-01
   0  0   1.14e-01
   0  0   1.14e-01
   0  0   1.12e-01
   0  0   1.11e-01
   0  0   1.08e-01
   0  0   1.05e-01
   0  0   9.98e-02
   0  0   9.40e-02
   0  0   8.77e-02
   0  0   8.22e-02
   0  0   7.75e-02
   0  0   7.31e-02
   0  0   6.86e-02
   0  0   6.35e-02
   0  0   5.79e-02
   0  0   5.20e-02
   0  0   4.59e-02
   0  0   4.00e-02
   0  0   3.52e-02
   0  0   3.15e-02
   0  0   2.89e-02
   0  0   2.71e-02
   9 10   1.29e+00
   0  0   1.28e+00
   0  0   1.28e+00
   0  0   1.28e+00
   0  0   1.28e+00
   0  0   1.28e+00
   0  0   1.27e+00
   0  0   1.26e+00
   0  0   1.25e+00
   0  0   1.23e+00
   0  0   1.20e+00
   0  0   1.14e+00
   0  0   1.06e+00
   0  0   9.75e-01
   0  0   8.89e-01
   0  0   8.02e-01
   0  0   7.18e-01
   0  0   6.40e-01
   0  0   5.72e-01
   0  0   5.17e-01
   0  0   4.76e-01
   0  0   4.47e-01
   0  0   4.27e-01
   9 11   4.84e-01
   0  0   4.83e-01
   0  0   4.82e-01
   0  0   4.80e-01
   0  0   4.77e-01
   0  0   4.72e-01
   0  0   4.66e-01
   0  0   4.58e-01
   0  0   4.48e-01
   0  0   4.37e-01
   0  0   4.24e-01
   0  0   4.03e-01
   0  0   3.70e-01
   0  0   3.34e-01
   0  0   2.96e-01
   0  0   2.56e-01
   0  0   2.17e-01
   0  0   1.81e-01
   0  0   1.50e-01
   0  0   1.26e-01
   0  0   1.08e-01
   0  0   9.58e-02
   0  0   8.77e-02
   9 12   2.16e-01
   0  0   2.15e-01
   0  0   2.14e-01
   0  0   2.12e-01
   0  0   2.10e-01
   0  0   2.06e-01
   0  0   2.01e-01
   0  0   1.95e-01
   0  0   1.89e-01
   0  0   1.84e-01
   0  0   1.80e-01
   0  0   1.71e-01
   0  0   1.58e-01
   0  0   1.42e-01
   0  0   1.25e-01
   0  0   1.08e-01
   0  0   9.08e-02
   0  0   7.48e-02
   0  0   6.14e-02
   0  0   5.12e-02
   0  0   4.40e-02
   0  0   3.90e-02
   0  0   3.57e-02
   9 13   6.80e-01
   0  0   6.77e-01
   0  0   6.73e-01
   0  0   6.67e-01
   0  0   6.57e-01
   0  0   6.42e-01
   0  0   6.21e-01
   0  0   5.93e-01
   0  0   5.59e-01
   0  0   5.24e-01
   0  0   4.95e-01
   0  0   4.74e-01
   0  0   4.64e-01
   0  0   4.62e-01
   0  0   4.58e-01
   0  0   4.45e-01
   0  0   4.24e-01
   0  0   3.95e-01
   0  0   3.61e-01
   0  0   3.31e-01
   0  0   3.07e-01
   0  0   2.90e-01
   0  0   2.78e-01
   9 14   9.00e-02
   0  0   8.96e-02
   0  0   8.90e-02
   0  0   8.81e-02
   0  0   8.68e-02
   0  0   8.48e-02
   0  0   8.19e-02
   0  0   7.81e-02
   0  0   7.35e-02
   0  0   6.86e-02
   0  0   6.47e-02
   0  0   6.22e-02
   0  0   6.12e-02
   0  0   6.10e-02
   0  0   6.01e-02
   0  0   5.75e-02
   0  0   5.37e-02
   0  0   4.87e-02
   0  0   4.36e-02
   0  0   3.91e-02
   0  0   3.57e-02
   0  0   3.32e-02
   0  0   3.15e-02
   9 15   7.71e-01
   0  0   7.68e-01
   0  0   7.64e-01
   0  0   7.58e-01
   0  0   7.49e-01
   0  0   7.34e-01
   0  0   7.13e-01
   0  0   6.82e-01
   0  0   6.42e-01
   0  0   5.93e-01
   0  0   5.41e-01
   0  0   4.95e-01
   0  0   4.58e-01
   0  0   4.30e-01
   0  0   4.04e-01
   0  0   3.77e-01
   0  0   3.51e-01
   0  0   3.23e-01
   0  0   2.97e-01
   0  0   2.74e-01
   0  0   2.57e-01
   0  0   2.44e-01
   0  0   2.36e-01
  10 11   9.80e-01
   0  0   9.80e-01
   0  0   9.79e-01
   0  0   9.79e-01
   0  0   9.78e-01
   0  0   9.76e-01
   0  0   9.74e-01
   0  0   9.69e-01
   0  0   9.61e-01
   0  0   9.47e-01
   0  0   9.21e-01
   0  0   8.79e-01
   0  0   8.22e-01
   0  0   7.64e-01
   0  0   7.06e-01
   0  0   6.48e-01
   0  0   5.91e-01
   0  0   5.37e-01
   0  0   4.88e-01
   0  0   4.42e-01
   0  0   4.02e-01
   0  0   3.71e-01
   0  0   3.48e-01
  10 12   2.37e-01
   0  0   2.37e-01
   0  0   2.37e-01
   0  0   2.37e-01
   0  0   2.37e-01
   0  0   2.37e-01
   0  0   2.37e-01
   0  0   2.36e-01
   0  0   2.34e-01
   0  0   2.29e-01
   0  0   2.21e-01
   0  0   2.07e-01
   0  0   1.91e-01
   0  0   1.72e-01
   0  0   1.54e-01
   0  0   1.34e-01
   0  0   1.14e-01
   0  0   9.48e-02
   0  0   7.83e-02
   0  0   6.52e-02
   0  0   5.56e-02
   0  0   4.88e-02
   0  0   4.43e-02
  10 13   2.77e-01
   0  0   2.76e-01
   0  0   2.75e-01
   0  0   2.72e-01
   0  0   2.68e-01
   0  0   2.62e-01
   0  0   2.53e-01
   0  0   2.42e-01
   0  0   2.28e-01
   0  0   2.14e-01
   0  0   2.02e-01
   0  0   1.94e-01
   0  0   1.90e-01
   0  0   1.89e-01
   0  0   1.87e-01
   0  0   1.81e-01
   0  0   1.72e-01
   0  0   1.58e-01
   0  0   1.44e-01
   0  0   1.32e-01
   0  0   1.22e-01
   0  0   1.15e-01
   0  0   1.11e-01
  10 14   3.00e-01
   0  0   2.98e-01
   0  0   2.96e-01
   0  0   2.94e-01
   0  0   2.89e-01
   0  0   2.83e-01
   0  0   2.73e-01
   0  0   2.61e-01
   0  0   2.46e-01
   0  0   2.31e-01
   0  0   2.18e-01
   0  0   2.09e-01
   0  0   2.04e-01
   0  0   2.04e-01
   0  0   2.02e-01
   0  0   1.95e-01
   0  0   1.85e-01
   0  0   1.71e-01
   0  0   1.55e-01
   0  0   1.42e-01
   0  0   1.31e-01
   0  0   1.23e-01
   0  0   1.18e-01
  10 15   4.68e-01
   0  0   4.67e-01
   0  0   4.65e-01
   0  0   4.62e-01
   0  0   4.57e-01
   0  0   4.50e-01
   0  0   4.40e-01
   0  0   4.25e-01
   0  0   4.04e-01
   0  0   3.79e-01
   0  0   3.50e-01
   0  0   3.23e-01
   0  0   3.02e-01
   0  0   2.87e-01
   0  0   2.73e-01
   0  0   2.56e-01
   0  0   2.37e-01
   0  0   2.18e-01
   0  0   1.98e-01
   0  0   1.79e-01
   0  0   1.64e-01
   0  0   1.52e-01
   0  0   1.44e-01
  11 12   5.63e-01
   0  0   5.63e-01
   0  0   5.63e-01
   0  0   5.63e-01
   0  0   5.63e-01
   0  0   5.63e-01
   0  0   5.62e-01
   0  0   5.61e-01
   0  0   5.57e-01
   0  0   5.50e-01
   0  0   5.36e-01
   0  0   5.13e-01
   0  0   4.81e-01
   0  0   4.50e-01
   0  0   4.20e-01
   0  0   3.90e-01
   0  0   3.61e-01
   0  0   3.33e-01
   0  0   3.08e-01
   0  0   2.84e-01
   0  0   2.66e-01
   0  0   2.52e-01
   0  0   2.42e-01
  11 13   7.46e-02
   0  0   7.43e-02
   0  0   7.38e-02
   0  0   7.31e-02
   0  0   7.20e-02
   0  0   7.03e-02
   0  0   6.80e-02
   0  0   6.49e-02
   0  0   6.11e-02
   0  0   5.71e-02
   0  0   5.39e-02
   0  0   5.18e-02
   0  0   5.08e-02
   0  0   5.07e-02
   0  0   4.99e-02
   0  0   4.81e-02
   0  0   4.52e-02
   0  0   4.14e-02
   0  0   3.73e-02
   0  0   3.38e-02
   0  0   3.11e-02
   0  0   2.91e-02
   0  0   2.77e-02
  11 14   3.10e-01
   0  0   3.09e-01
   0  0   3.07e-01
   0  0   3.04e-01
   0  0   3.00e-01
   0  0   2.93e-01
   0  0   2.84e-01
   0  0   2.71e-01
   0  0   2.56e-01
   0  0   2.40e-01
   0  0   2.26e-01
   0  0   2.17e-01
   0  0   2.12e-01
   0  0   2.11e-01
   0  0   2.09e-01
   0  0   2.03e-01
   0  0   1.93e-01
   0  0   1.78e-01
   0  0   1.62e-01
   0  0   1.48e-01
   0  0   1.36e-01
   0  0   1.28e-01
   0  0   1.23e-01
  11 15   2.62e-01
   0  0   2.61e-01
   0  0   2.60e-01
   0  0   2.59e-01
   0  0   2.57e-01
   0  0   2.54e-01
   0  0   2.49e-01
   0  0   2.42e-01
   0  0   2.33e-01
   0  0   2.20e-01
   0  0   2.06e-01
   0  0   1.93e-01
   0  0   1.82e-01
   0  0   1.74e-01
   0  0   1.67e-01
   0  0   1.58e-01
   0  0   1.47e-01
   0  0   1.35e-01
   0  0   1.21e-01
   0  0   1.08e-01
   0  0   9.64e-02
   0  0   8.78e-02
   0  0   8.16e-02
  12 13   4.05e-03
   0  0   4.03e-03
   0  0   4.00e-03
   0  0   3.95e-03
   0  0   3.88e-03
   0  0   3.77e-03
   0  0   3.61e-03
   0  0   3.40e-03
   0  0   3.14e-03
   0  0   2.88e-03
   0  0   2.69e-03
   0  0   2.64e-03
   0  0   2.69e-03
   0  0   2.68e-03
   0  0   2.52e-03
   0  0   2.18e-03
   0  0   1.74e-03
   0  0   1.31e-03
   0  0   9.46e-04
   0  0   6.68e-04
   0  0   4.69e-04
   0  0   3.33e-04
   0  0   2.43e-04
  12 14   1.88e-01
   0  0   1.87e-01
   0  0   1.86e-01
   0  0   1.84e-01
   0  0   1.82e-01
   0  0   1.77e-01
   0  0   1.72e-01
   0  0   1.64e-01
   0  0   1.55e-01
   0  0   1.45e-01
   0  0   1.37e-01
   0  0   1.32e-01
   0  0   1.29e-01
   0  0   1.28e-01
   0  0   1.27e-01
   0  0   1.23e-01
   0  0   1.17e-01
   0  0   1.09e-01
   0  0   9.88e-02
   0  0   8.98e-02
   0  0   8.27e-02
   0  0   7.76e-02
   0  0   7.40e-02
  12 15   1.16e-01
   0  0   1.16e-01
   0  0   1.16e-01
   0  0   1.16e-01
   0  0   1.15e-01
   0  0   1.14e-01
   0  0   1.13e-01
   0  0   1.10e-01
   0  0   1.07e-01
   0  0   1.02e-01
   0  0   9.52e-02
   0  0   8.92e-02
   0  0   8.51e-02
   0  0   8.20e-02
   0  0   7.90e-02
   0  0   7.51e-02
   0  0   7.03e-02
   0  0   6.46e-02
   0  0   5.85e-02
   0  0   5.31e-02
   0  0   4.88e-02
   0  0   4.57e-02
   0  0   4.36e-02
  13 14   3.96e+00
   0  0   3.97e+00
   0  0   3.97e+00
   0  0   3.97e+00
   0  0   3.97e+00
   0  0   3.97e+00
   0  0   3.97e+00
   0  0   3.95e+00
   0  0   3.89e+00
   0  0   3.78e+00
   0  0   3.58e+00
   0  0   3.36e+00
   0  0   3.17e+00
   0  0   3.02e+00
   0  0   2.90e+00
   0  0   2.73e+00
   0  0   2.55e+00
   0  0   2.35e+00
   0  0   2.14e+00
   0  0   1.96e+00
   0  0   1.82e+00
   0  0   1.71e+00
   0  0   1.64e+00
  13 15   4.32e-01
   0  0   4.34e-01
   0  0   4.37e-01
   0  0   4.41e-01
   0  0   4.47e-01
   0  0   4.55e-01
   0  0   4.62e-01
   0  0   4.66e-01
   0  0   4.58e-01
   0  0   4.31e-01
   0  0   3.90e-01
   0  0   3.49e-01
   0  0   3.11e-01
   0  0   2.78e-01
   0  0   2.44e-01
   0  0   2.12e-01
   0  0   1.81e-01
   0  0   1.53e-01
   0  0   1.29e-01
   0  0   1.10e-01
   0  0   9.67e-02
   0  0   8.76e-02
   0  0   8.15e-02
  14 15   3.02e-01
   0  0   3.01e-01
   0  0   3.01e-01
   0  0   3.00e-01
   0  0   2.99e-01
   0  0   2.97e-01
   0  0   2.94e-01
   0  0   2.89e-01
   0  0   2.81e-01
   0  0   2.67e-01
   0  0   2.50e-01
   0  0   2.34e-01
   0  0   2.22e-01
   0  0   2.12e-01
   0  0   2.02e-01
   0  0   1.88e-01
   0  0   1.71e-01
   0  0   1.54e-01
   0  0   1.36e-01
   0  0   1.22e-01
   0  0   1.11e-01
   0  0   1.03e-01
   0  0   9.80e-02
 0 0 0
   1  2   0.000e+00
   1  3   9.285e-09
   1  4   2.122e-05
   1  5   3.331e-08
   1  6   1.308e+00
   1  7   8.494e-01
   1  8   5.515e-06
   1  9   1.408e-03
   1 10   1.828e-04
   1 11   3.399e-02
   1 12   1.643e-02
   1 13   0.000e+00
   1 14   0.000e+00
   1 15   9.288e-04
   2  3   0.000e+00
   2  4   0.000e+00
   2  5   0.000e+00
   2  6   0.000e+00
   2  7   0.000e+00
   2  8   0.000e+00
   2  9   0.000e+00
   2 10   0.000e+00
   2 11   0.000e+00
   2 12   0.000e+00
   2 13   5.337e-03
   2 14   1.712e-04
   2 15   0.000e+00
   3  4   0.000e+00
   3  5   0.000e+00
   3  6   0.000e+00
   3  7   0.000e+00
   3  8   0.000e+00
   3  9   1.091e-03
   3 10   0.000e+00
   3 11   9.560e-07
   3 12   0.000e+00
   3 13   1.689e-03
   3 14   8.992e-07
   3 15   2.672e-04
   4  5   0.000e+00
   4  6   1.338e-04
   4  7   1.829e-05
   4  8   4.246e-10
   4  9   1.352e-04
   4 10   0.000e+00
   4 11   1.045e-03
   4 12   4.529e-04
   4 13   0.000e+00
   4 14   0.000e+00
   4 15   1.363e-01
   5  6   2.328e-05
   5  7   0.000e+00
   5  8   0.000e+00
   5  9   1.337e-03
   5 10   0.000e+00
   5 11   2.067e-06
   5 12   0.000e+00
   5 13   1.146e-06
   5 14   0.000e+00
   5 15   1.344e-01
   6  7   0.000e+00
   6  8   0.000e+00
   6  9   4.654e-02
   6 10   1.741e-06
   6 11   2.750e-02
   6 12   2.209e-02
   6 13   0.000e+00
   6 14   0.000e+00
   6 15   4.923e-01
   7  8   0.000e+00
   7  9   4.759e-06
   7 10   4.440e-02
   7 11   2.563e-03
   7 12   4.752e-02
   7 13   0.000e+00
   7 14   0.000e+00
   7 15   9.292e-02
   8  9   0.000e+00
   8 10   7.246e-02
   8 11   5.514e-06
   8 12   2.287e-03
   8 13   0.000e+00
   8 14   0.000e+00
   8 15   0.000e+00
   9 10   0.000e+00
   9 11   0.000e+00
   9 12   0.000e+00
   9 13   0.000e+00
   9 14   0.000e+00
   9 15   1.420e-03
  10 11   0.000e+00
  10 12   0.000e+00
  10 13   0.000e+00
  10 14   0.000e+00
  10 15   2.725e-05
  11 12   0.000e+00
  11 13   0.000e+00
  11 14   0.000e+00
  11 15   3.373e-04
  12 13   0.000e+00
  12 14   0.000e+00
  12 15   1.076e-03
  13 14   0.000e+00
  13 15   0.000e+00
  14 15   0.000e+00
   1  6          0.0
   2 12      32245.5
   3 10      32292.8
   4  6      32301.2
   5  8      32305.7
   6  6      35253.8
   7  4      35333.3
   8  2      35406.6
   9  8      38779.4
  10  2      38896.7
  11  6      38935.1
  12  4      38938.2
  13 12      47078.6
  14 14      47090.5
  15  6      49541.5
