29
** Atomic data from version 10.1 of the CHIANTI database **
Observed energies: Kramida, A., Ralchenko, Yu., Reader, J., and NIST ASD Team (2012).
NIST Atomic Spectra Database (ver. 5.0), [Online]. Available: http://physics.nist.gov/
Theoretical energies:
Liang, G. Y. & Badnell, N. R. 2010, A&A, 518, A64
      doi = {10.1051/0004-6361/201014170}
      adsurl = {http://adsabs.harvard.edu/abs/2010A%26A...518A..64L}
Produced for the CHIANTI database v.8 by Giulio Del Zanna  Nov 2013
%filename: mg_3.wgfa
%filename:  ./mg_3.wgfa
Observed energies: Kramida, A., Ralchenko, Yu., Reader, J., and NIST ASD Team (2012). NIST Atomic Spectra Database (ver. 5.0), [Online]. Available: http://physics.nist.gov/
Theoretical energies, gf and A-values:
Liang, G. Y. & Badnell, N. R. 2010, A&A, 518, A64
doi = {10.1051/0004-6361/201014170}
adsurl = {http://adsabs.harvard.edu/abs/2010A%26A...518A..64L}
Note: only transitions with a branching ratio above 10^-5
have been retained.
Transitions within the first 27 levels (2p6, 2p5 3l, l=s,p,d):
Jonsson P. et al., Atomic Data and Nuclear Data Tables, 2014, 100, 1
adsurl = {http://adsabs.harvard.edu/abs/2014ADNDT.100....1J}
Produced for the CHIANTI database v.8 by G. Del Zanna 11 Nov 2014
 minimum branching ratio =   1.00e-05
2017 December 15
%File processed with wgfa_tidy by pryoung on  6-Mar-2019
%filename: mg_3.scups
Data from Liang, G. Y. & Badnell, N. R. 2010, A&A, 518, A64
      doi = {10.1051/0004-6361/201014170}
      adsurl = {http://adsabs.harvard.edu/abs/2010A%26A...518A..64L}
Produced for the CHIANTI database v.8 by Giulio Del Zanna  Nov 2013
5 23
   1  2s2 2p6 1S0   
   2  2s2 2p5 3s 3P2
   3  2s2 2p5 3s 3P1
   4  2s2 2p5 3s 3P0
   5  2s2 2p5 3s 1P1
     100.0
     158.5
     251.2
     398.1
     631.0
    1000.0
    1584.9
    2511.9
    3981.1
    6309.6
   10000.0
   15848.9
   25118.9
   39810.7
   63095.7
  100000.0
  158489.3
  251188.6
  398107.2
  630957.3
 1000000.0
 1584893.2
 2511886.4
0
   1  2   8.49e-02
   0  0   8.45e-02
   0  0   8.39e-02
   0  0   8.29e-02
   0  0   8.13e-02
   0  0   7.85e-02
   0  0   7.37e-02
   0  0   6.59e-02
   0  0   5.51e-02
   0  0   4.76e-02
   0  0   4.89e-02
   0  0   5.01e-02
   0  0   4.96e-02
   0  0   4.83e-02
   0  0   4.46e-02
   0  0   3.90e-02
   0  0   3.36e-02
   0  0   2.91e-02
   0  0   2.49e-02
   0  0   2.11e-02
   0  0   1.74e-02
   0  0   1.38e-02
   0  0   1.05e-02
   1  3   1.96e-02
   0  0   1.96e-02
   0  0   1.97e-02
   0  0   1.97e-02
   0  0   1.98e-02
   0  0   1.99e-02
   0  0   2.01e-02
   0  0   2.02e-02
   0  0   2.06e-02
   0  0   2.24e-02
   0  0   2.60e-02
   0  0   2.91e-02
   0  0   3.07e-02
   0  0   3.03e-02
   0  0   2.80e-02
   0  0   2.50e-02
   0  0   2.20e-02
   0  0   1.96e-02
   0  0   1.79e-02
   0  0   1.67e-02
   0  0   1.63e-02
   0  0   1.65e-02
   0  0   1.75e-02
   1  4   4.45e-03
   0  0   4.48e-03
   0  0   4.53e-03
   0  0   4.59e-03
   0  0   4.70e-03
   0  0   4.88e-03
   0  0   5.16e-03
   0  0   5.60e-03
   0  0   6.27e-03
   0  0   7.20e-03
   0  0   8.31e-03
   0  0   9.26e-03
   0  0   9.72e-03
   0  0   9.46e-03
   0  0   8.66e-03
   0  0   7.65e-03
   0  0   6.62e-03
   0  0   5.72e-03
   0  0   4.92e-03
   0  0   4.17e-03
   0  0   3.43e-03
   0  0   2.72e-03
   0  0   2.07e-03
   1  5   1.45e-02
   0  0   1.50e-02
   0  0   1.57e-02
   0  0   1.68e-02
   0  0   1.85e-02
   0  0   2.14e-02
   0  0   2.59e-02
   0  0   3.29e-02
   0  0   4.33e-02
   0  0   5.68e-02
   0  0   7.07e-02
   0  0   8.07e-02
   0  0   8.49e-02
   0  0   8.32e-02
   0  0   7.75e-02
   0  0   7.16e-02
   0  0   6.92e-02
   0  0   7.26e-02
   0  0   8.52e-02
   0  0   1.08e-01
   0  0   1.41e-01
   0  0   1.84e-01
   0  0   2.38e-01
   2  3   8.73e+00
   0  0   8.73e+00
   0  0   8.72e+00
   0  0   8.71e+00
   0  0   8.69e+00
   0  0   8.65e+00
   0  0   8.60e+00
   0  0   8.51e+00
   0  0   8.39e+00
   0  0   8.25e+00
   0  0   8.12e+00
   0  0   7.92e+00
   0  0   7.48e+00
   0  0   6.64e+00
   0  0   5.49e+00
   0  0   4.25e+00
   0  0   3.16e+00
   0  0   2.28e+00
   0  0   1.64e+00
   0  0   1.18e+00
   0  0   8.55e-01
   0  0   6.31e-01
   0  0   4.76e-01
   2  4   1.05e+00
   0  0   1.05e+00
   0  0   1.05e+00
   0  0   1.06e+00
   0  0   1.06e+00
   0  0   1.07e+00
   0  0   1.09e+00
   0  0   1.12e+00
   0  0   1.17e+00
   0  0   1.22e+00
   0  0   1.27e+00
   0  0   1.35e+00
   0  0   1.38e+00
   0  0   1.28e+00
   0  0   1.08e+00
   0  0   8.42e-01
   0  0   6.30e-01
   0  0   4.62e-01
   0  0   3.37e-01
   0  0   2.48e-01
   0  0   1.87e-01
   0  0   1.46e-01
   0  0   1.18e-01
   2  5   5.40e+00
   0  0   5.41e+00
   0  0   5.44e+00
   0  0   5.49e+00
   0  0   5.57e+00
   0  0   5.71e+00
   0  0   5.96e+00
   0  0   6.38e+00
   0  0   6.93e+00
   0  0   7.17e+00
   0  0   6.70e+00
   0  0   6.11e+00
   0  0   5.43e+00
   0  0   4.56e+00
   0  0   3.63e+00
   0  0   2.79e+00
   0  0   2.06e+00
   0  0   1.50e+00
   0  0   1.10e+00
   0  0   8.06e-01
   0  0   5.96e-01
   0  0   4.41e-01
   0  0   3.27e-01
   3  4   3.47e+00
   0  0   3.46e+00
   0  0   3.46e+00
   0  0   3.45e+00
   0  0   3.43e+00
   0  0   3.40e+00
   0  0   3.36e+00
   0  0   3.30e+00
   0  0   3.20e+00
   0  0   3.05e+00
   0  0   2.84e+00
   0  0   2.66e+00
   0  0   2.45e+00
   0  0   2.13e+00
   0  0   1.74e+00
   0  0   1.34e+00
   0  0   9.89e-01
   0  0   7.11e-01
   0  0   5.07e-01
   0  0   3.63e-01
   0  0   2.60e-01
   0  0   1.87e-01
   0  0   1.35e-01
   3  5   4.74e+00
   0  0   4.75e+00
   0  0   4.76e+00
   0  0   4.79e+00
   0  0   4.83e+00
   0  0   4.91e+00
   0  0   5.05e+00
   0  0   5.28e+00
   0  0   5.58e+00
   0  0   5.66e+00
   0  0   5.27e+00
   0  0   4.83e+00
   0  0   4.31e+00
   0  0   3.64e+00
   0  0   2.92e+00
   0  0   2.24e+00
   0  0   1.66e+00
   0  0   1.20e+00
   0  0   8.62e-01
   0  0   6.20e-01
   0  0   4.46e-01
   0  0   3.22e-01
   0  0   2.34e-01
   4  5   1.90e+00
   0  0   1.90e+00
   0  0   1.91e+00
   0  0   1.92e+00
   0  0   1.94e+00
   0  0   1.97e+00
   0  0   2.02e+00
   0  0   2.11e+00
   0  0   2.23e+00
   0  0   2.25e+00
   0  0   2.07e+00
   0  0   1.86e+00
   0  0   1.64e+00
   0  0   1.39e+00
   0  0   1.12e+00
   0  0   8.60e-01
   0  0   6.37e-01
   0  0   4.62e-01
   0  0   3.31e-01
   0  0   2.36e-01
   0  0   1.68e-01
   0  0   1.20e-01
   0  0   8.50e-02
 0 0 0
   1  2   7.630e+00
   1  3   4.849e+08
   1  4   0.000e+00
   1  5   9.055e+09
   2  3   0.000e+00
   2  4   0.000e+00
   2  5   0.000e+00
   3  4   4.040e-02
   3  5   0.000e+00
   4  5   0.000e+00
   1  1          0.0
   2  5     425640.3
   3  3     426868.1
   4  1     427852.1
   5  3     431530.0
