26
** Atomic data from version 10.1 of the CHIANTI database **
%filename: n_7.elvlc
%observed energy levels: Martin, W.C., Sugar, J., Musgrove, A., Dalton, G.R., 1995,
    NIST Database for Atomic Spectroscopy, Version 1.0, NIST Standard Reference Database 61.
%comment:      5380089.3     Limit
%produced as part of the Arcetri/Cambridge/NRL 'CHIANTI' atomic data base collaboration
%
% K.P.Dere 2000
%filename: n_7.wgfa
%filename: n_7.wgfa
%energy levels: Martin,W.C., Sugar,J., Musgrove,A., Dalton,G.R., 1995,
   NIST Database for Atomic Spectroscopy, Version 1.0, NIST Standard Reference Database 61
%A values: Parpia, F.A., Johnson, W.R., 1982, Phys.Rev.A, 26, 1142
%oscillator strengths: Wiese, W.L., Smith, M.W., Glennon, B.M., 1966, Atomic Transition Probabilities, NSRDS-NBS-4.
%comment: Wiese's oscillator strengths are hydrogenic
%produced as part of the Arcetri/Cambridge/NRL 'CHIANTI' atomic data base collaboration
%
% Ken Dere - 1998
%File processed with wgfa_tidy by pryoung on  6-Mar-2019
%filename: n_7.scups
%filename: n_7.splups
%oscillator strengths: Wiese, W.L., Smith, M.W., Glennon, B.M., 1966, Atomic Transition Probabilities, NSRDS-NBS-4
%collision strengths: interpolation of R-matrix calculations of Aggarwal and Kingston
%produced as part of the Arcetri/Cambridge/NRL 'CHIANTI' atomic data base collaboration
%
%  K.P. Dere - Aug 1998
15 23
   1  1s 2S0        
   2  2s 2S0        
   3  2p 2P0        
   4  2p 2P1        
   5  3s 2S0        
   6  3p 2P0        
   7  3p 2P1        
   8  3d 2D1        
   9  3d 2D2        
  10  4s 2S0        
  11  4p 2P0        
  12  4p 2P1        
  13  4d 2D1        
  14  4d 2D2        
  15  4f 2F2        
     100.0
     158.5
     251.2
     398.1
     631.0
    1000.0
    1584.9
    2511.9
    3981.1
    6309.6
   10000.0
   15848.9
   25118.9
   39810.7
   63095.7
  100000.0
  158489.3
  251188.6
  398107.2
  630957.3
 1000000.0
 1584893.2
 2511886.4
0
   1  2   1.34e-02
   0  0   1.34e-02
   0  0   1.34e-02
   0  0   1.34e-02
   0  0   1.34e-02
   0  0   1.34e-02
   0  0   1.34e-02
   0  0   1.34e-02
   0  0   1.34e-02
   0  0   1.34e-02
   0  0   1.34e-02
   0  0   1.34e-02
   0  0   1.35e-02
   0  0   1.35e-02
   0  0   1.35e-02
   0  0   1.36e-02
   0  0   1.37e-02
   0  0   1.38e-02
   0  0   1.39e-02
   0  0   1.40e-02
   0  0   1.39e-02
   0  0   1.38e-02
   0  0   1.37e-02
   1  3   1.70e-02
   0  0   1.70e-02
   0  0   1.70e-02
   0  0   1.70e-02
   0  0   1.70e-02
   0  0   1.70e-02
   0  0   1.70e-02
   0  0   1.70e-02
   0  0   1.70e-02
   0  0   1.70e-02
   0  0   1.71e-02
   0  0   1.72e-02
   0  0   1.73e-02
   0  0   1.75e-02
   0  0   1.77e-02
   0  0   1.81e-02
   0  0   1.86e-02
   0  0   1.92e-02
   0  0   1.99e-02
   0  0   2.04e-02
   0  0   2.09e-02
   0  0   2.17e-02
   0  0   2.35e-02
   1  4   3.40e-02
   0  0   3.40e-02
   0  0   3.40e-02
   0  0   3.40e-02
   0  0   3.40e-02
   0  0   3.40e-02
   0  0   3.40e-02
   0  0   3.41e-02
   0  0   3.41e-02
   0  0   3.42e-02
   0  0   3.43e-02
   0  0   3.44e-02
   0  0   3.47e-02
   0  0   3.50e-02
   0  0   3.55e-02
   0  0   3.63e-02
   0  0   3.73e-02
   0  0   3.85e-02
   0  0   3.98e-02
   0  0   4.09e-02
   0  0   4.19e-02
   0  0   4.36e-02
   0  0   4.71e-02
   1  5   3.85e-03
   0  0   3.85e-03
   0  0   3.85e-03
   0  0   3.85e-03
   0  0   3.85e-03
   0  0   3.85e-03
   0  0   3.85e-03
   0  0   3.85e-03
   0  0   3.85e-03
   0  0   3.84e-03
   0  0   3.84e-03
   0  0   3.83e-03
   0  0   3.82e-03
   0  0   3.80e-03
   0  0   3.77e-03
   0  0   3.73e-03
   0  0   3.67e-03
   0  0   3.59e-03
   0  0   3.48e-03
   0  0   3.35e-03
   0  0   3.21e-03
   0  0   3.10e-03
   0  0   3.01e-03
   1  6   4.36e-03
   0  0   4.36e-03
   0  0   4.36e-03
   0  0   4.36e-03
   0  0   4.36e-03
   0  0   4.36e-03
   0  0   4.36e-03
   0  0   4.36e-03
   0  0   4.36e-03
   0  0   4.36e-03
   0  0   4.36e-03
   0  0   4.36e-03
   0  0   4.36e-03
   0  0   4.36e-03
   0  0   4.35e-03
   0  0   4.35e-03
   0  0   4.34e-03
   0  0   4.34e-03
   0  0   4.35e-03
   0  0   4.37e-03
   0  0   4.45e-03
   0  0   4.59e-03
   0  0   4.84e-03
   1  7   8.70e-03
   0  0   8.70e-03
   0  0   8.70e-03
   0  0   8.70e-03
   0  0   8.70e-03
   0  0   8.70e-03
   0  0   8.70e-03
   0  0   8.70e-03
   0  0   8.70e-03
   0  0   8.70e-03
   0  0   8.70e-03
   0  0   8.70e-03
   0  0   8.70e-03
   0  0   8.70e-03
   0  0   8.70e-03
   0  0   8.70e-03
   0  0   8.70e-03
   0  0   8.71e-03
   0  0   8.73e-03
   0  0   8.79e-03
   0  0   8.93e-03
   0  0   9.19e-03
   0  0   9.65e-03
   1  8   1.87e-03
   0  0   1.87e-03
   0  0   1.87e-03
   0  0   1.87e-03
   0  0   1.87e-03
   0  0   1.87e-03
   0  0   1.87e-03
   0  0   1.86e-03
   0  0   1.86e-03
   0  0   1.86e-03
   0  0   1.85e-03
   0  0   1.85e-03
   0  0   1.84e-03
   0  0   1.82e-03
   0  0   1.79e-03
   0  0   1.75e-03
   0  0   1.68e-03
   0  0   1.60e-03
   0  0   1.48e-03
   0  0   1.34e-03
   0  0   1.19e-03
   0  0   1.06e-03
   0  0   9.57e-04
   1  9   2.83e-03
   0  0   2.83e-03
   0  0   2.83e-03
   0  0   2.83e-03
   0  0   2.83e-03
   0  0   2.83e-03
   0  0   2.83e-03
   0  0   2.82e-03
   0  0   2.82e-03
   0  0   2.82e-03
   0  0   2.81e-03
   0  0   2.80e-03
   0  0   2.78e-03
   0  0   2.75e-03
   0  0   2.71e-03
   0  0   2.64e-03
   0  0   2.54e-03
   0  0   2.41e-03
   0  0   2.23e-03
   0  0   2.01e-03
   0  0   1.78e-03
   0  0   1.58e-03
   0  0   1.43e-03
   1 10   1.74e-03
   0  0   1.74e-03
   0  0   1.74e-03
   0  0   1.74e-03
   0  0   1.74e-03
   0  0   1.74e-03
   0  0   1.74e-03
   0  0   1.74e-03
   0  0   1.74e-03
   0  0   1.73e-03
   0  0   1.73e-03
   0  0   1.73e-03
   0  0   1.72e-03
   0  0   1.71e-03
   0  0   1.70e-03
   0  0   1.67e-03
   0  0   1.64e-03
   0  0   1.59e-03
   0  0   1.53e-03
   0  0   1.45e-03
   0  0   1.36e-03
   0  0   1.28e-03
   0  0   1.23e-03
   1 11   1.67e-03
   0  0   1.67e-03
   0  0   1.67e-03
   0  0   1.67e-03
   0  0   1.67e-03
   0  0   1.67e-03
   0  0   1.67e-03
   0  0   1.67e-03
   0  0   1.67e-03
   0  0   1.67e-03
   0  0   1.67e-03
   0  0   1.67e-03
   0  0   1.67e-03
   0  0   1.67e-03
   0  0   1.68e-03
   0  0   1.68e-03
   0  0   1.68e-03
   0  0   1.69e-03
   0  0   1.70e-03
   0  0   1.72e-03
   0  0   1.75e-03
   0  0   1.80e-03
   0  0   1.87e-03
   1 12   3.35e-03
   0  0   3.35e-03
   0  0   3.35e-03
   0  0   3.35e-03
   0  0   3.35e-03
   0  0   3.35e-03
   0  0   3.35e-03
   0  0   3.35e-03
   0  0   3.35e-03
   0  0   3.35e-03
   0  0   3.35e-03
   0  0   3.35e-03
   0  0   3.35e-03
   0  0   3.35e-03
   0  0   3.36e-03
   0  0   3.37e-03
   0  0   3.38e-03
   0  0   3.39e-03
   0  0   3.41e-03
   0  0   3.45e-03
   0  0   3.51e-03
   0  0   3.60e-03
   0  0   3.74e-03
   1 13   9.01e-04
   0  0   9.01e-04
   0  0   9.01e-04
   0  0   9.01e-04
   0  0   9.01e-04
   0  0   9.01e-04
   0  0   9.00e-04
   0  0   9.00e-04
   0  0   8.99e-04
   0  0   8.97e-04
   0  0   8.95e-04
   0  0   8.91e-04
   0  0   8.85e-04
   0  0   8.76e-04
   0  0   8.62e-04
   0  0   8.41e-04
   0  0   8.10e-04
   0  0   7.66e-04
   0  0   7.09e-04
   0  0   6.42e-04
   0  0   5.71e-04
   0  0   5.10e-04
   0  0   4.64e-04
   1 14   1.35e-03
   0  0   1.35e-03
   0  0   1.35e-03
   0  0   1.35e-03
   0  0   1.35e-03
   0  0   1.35e-03
   0  0   1.35e-03
   0  0   1.35e-03
   0  0   1.35e-03
   0  0   1.34e-03
   0  0   1.34e-03
   0  0   1.33e-03
   0  0   1.33e-03
   0  0   1.31e-03
   0  0   1.29e-03
   0  0   1.26e-03
   0  0   1.22e-03
   0  0   1.15e-03
   0  0   1.07e-03
   0  0   9.66e-04
   0  0   8.59e-04
   0  0   7.61e-04
   0  0   6.86e-04
   1 15   3.51e-04
   0  0   3.51e-04
   0  0   3.51e-04
   0  0   3.50e-04
   0  0   3.50e-04
   0  0   3.50e-04
   0  0   3.50e-04
   0  0   3.49e-04
   0  0   3.48e-04
   0  0   3.47e-04
   0  0   3.45e-04
   0  0   3.42e-04
   0  0   3.37e-04
   0  0   3.29e-04
   0  0   3.17e-04
   0  0   2.99e-04
   0  0   2.74e-04
   0  0   2.40e-04
   0  0   1.98e-04
   0  0   1.53e-04
   0  0   1.12e-04
   0  0   8.10e-05
   0  0   6.03e-05
   2  5   1.22e-01
   0  0   1.22e-01
   0  0   1.22e-01
   0  0   1.22e-01
   0  0   1.22e-01
   0  0   1.22e-01
   0  0   1.22e-01
   0  0   1.22e-01
   0  0   1.22e-01
   0  0   1.22e-01
   0  0   1.23e-01
   0  0   1.24e-01
   0  0   1.25e-01
   0  0   1.26e-01
   0  0   1.28e-01
   0  0   1.30e-01
   0  0   1.33e-01
   0  0   1.37e-01
   0  0   1.41e-01
   0  0   1.46e-01
   0  0   1.52e-01
   0  0   1.58e-01
   0  0   1.62e-01
   2  6   7.45e-02
   0  0   7.45e-02
   0  0   7.45e-02
   0  0   7.45e-02
   0  0   7.45e-02
   0  0   7.44e-02
   0  0   7.44e-02
   0  0   7.43e-02
   0  0   7.42e-02
   0  0   7.40e-02
   0  0   7.38e-02
   0  0   7.34e-02
   0  0   7.28e-02
   0  0   7.22e-02
   0  0   7.15e-02
   0  0   7.12e-02
   0  0   7.19e-02
   0  0   7.41e-02
   0  0   7.85e-02
   0  0   8.53e-02
   0  0   9.55e-02
   0  0   1.13e-01
   0  0   1.40e-01
   2  7   1.49e-01
   0  0   1.49e-01
   0  0   1.49e-01
   0  0   1.49e-01
   0  0   1.49e-01
   0  0   1.49e-01
   0  0   1.49e-01
   0  0   1.49e-01
   0  0   1.49e-01
   0  0   1.48e-01
   0  0   1.48e-01
   0  0   1.47e-01
   0  0   1.46e-01
   0  0   1.45e-01
   0  0   1.43e-01
   0  0   1.43e-01
   0  0   1.44e-01
   0  0   1.48e-01
   0  0   1.57e-01
   0  0   1.71e-01
   0  0   1.91e-01
   0  0   2.26e-01
   0  0   2.80e-01
   2  8   1.17e-01
   0  0   1.17e-01
   0  0   1.17e-01
   0  0   1.17e-01
   0  0   1.17e-01
   0  0   1.17e-01
   0  0   1.17e-01
   0  0   1.18e-01
   0  0   1.18e-01
   0  0   1.18e-01
   0  0   1.19e-01
   0  0   1.20e-01
   0  0   1.21e-01
   0  0   1.23e-01
   0  0   1.26e-01
   0  0   1.28e-01
   0  0   1.30e-01
   0  0   1.32e-01
   0  0   1.35e-01
   0  0   1.42e-01
   0  0   1.53e-01
   0  0   1.65e-01
   0  0   1.74e-01
   2  9   1.71e-01
   0  0   1.71e-01
   0  0   1.71e-01
   0  0   1.71e-01
   0  0   1.72e-01
   0  0   1.72e-01
   0  0   1.72e-01
   0  0   1.72e-01
   0  0   1.73e-01
   0  0   1.74e-01
   0  0   1.76e-01
   0  0   1.78e-01
   0  0   1.81e-01
   0  0   1.85e-01
   0  0   1.89e-01
   0  0   1.93e-01
   0  0   1.95e-01
   0  0   1.97e-01
   0  0   2.02e-01
   0  0   2.15e-01
   0  0   2.31e-01
   0  0   2.47e-01
   0  0   2.59e-01
   2 10   3.12e-02
   0  0   3.12e-02
   0  0   3.12e-02
   0  0   3.12e-02
   0  0   3.12e-02
   0  0   3.12e-02
   0  0   3.12e-02
   0  0   3.11e-02
   0  0   3.11e-02
   0  0   3.11e-02
   0  0   3.10e-02
   0  0   3.10e-02
   0  0   3.09e-02
   0  0   3.07e-02
   0  0   3.04e-02
   0  0   3.01e-02
   0  0   2.98e-02
   0  0   2.94e-02
   0  0   2.93e-02
   0  0   2.97e-02
   0  0   3.05e-02
   0  0   3.15e-02
   0  0   3.23e-02
   2 11   2.81e-02
   0  0   2.81e-02
   0  0   2.81e-02
   0  0   2.81e-02
   0  0   2.81e-02
   0  0   2.81e-02
   0  0   2.80e-02
   0  0   2.80e-02
   0  0   2.79e-02
   0  0   2.77e-02
   0  0   2.75e-02
   0  0   2.71e-02
   0  0   2.66e-02
   0  0   2.59e-02
   0  0   2.49e-02
   0  0   2.37e-02
   0  0   2.26e-02
   0  0   2.18e-02
   0  0   2.17e-02
   0  0   2.23e-02
   0  0   2.36e-02
   0  0   2.57e-02
   0  0   2.92e-02
   2 12   5.61e-02
   0  0   5.61e-02
   0  0   5.61e-02
   0  0   5.61e-02
   0  0   5.60e-02
   0  0   5.60e-02
   0  0   5.59e-02
   0  0   5.58e-02
   0  0   5.56e-02
   0  0   5.53e-02
   0  0   5.49e-02
   0  0   5.42e-02
   0  0   5.32e-02
   0  0   5.17e-02
   0  0   4.99e-02
   0  0   4.76e-02
   0  0   4.53e-02
   0  0   4.37e-02
   0  0   4.34e-02
   0  0   4.46e-02
   0  0   4.72e-02
   0  0   5.15e-02
   0  0   5.87e-02
   2 13   3.94e-02
   0  0   3.94e-02
   0  0   3.94e-02
   0  0   3.94e-02
   0  0   3.93e-02
   0  0   3.93e-02
   0  0   3.93e-02
   0  0   3.92e-02
   0  0   3.91e-02
   0  0   3.89e-02
   0  0   3.87e-02
   0  0   3.83e-02
   0  0   3.77e-02
   0  0   3.69e-02
   0  0   3.57e-02
   0  0   3.42e-02
   0  0   3.24e-02
   0  0   3.05e-02
   0  0   2.89e-02
   0  0   2.79e-02
   0  0   2.75e-02
   0  0   2.74e-02
   0  0   2.75e-02
   2 14   5.91e-02
   0  0   5.91e-02
   0  0   5.91e-02
   0  0   5.91e-02
   0  0   5.91e-02
   0  0   5.90e-02
   0  0   5.90e-02
   0  0   5.89e-02
   0  0   5.87e-02
   0  0   5.85e-02
   0  0   5.81e-02
   0  0   5.75e-02
   0  0   5.66e-02
   0  0   5.54e-02
   0  0   5.36e-02
   0  0   5.13e-02
   0  0   4.86e-02
   0  0   4.58e-02
   0  0   4.34e-02
   0  0   4.19e-02
   0  0   4.12e-02
   0  0   4.12e-02
   0  0   4.12e-02
   2 15   3.32e-02
   0  0   3.32e-02
   0  0   3.32e-02
   0  0   3.32e-02
   0  0   3.32e-02
   0  0   3.31e-02
   0  0   3.31e-02
   0  0   3.30e-02
   0  0   3.29e-02
   0  0   3.27e-02
   0  0   3.25e-02
   0  0   3.21e-02
   0  0   3.15e-02
   0  0   3.06e-02
   0  0   2.94e-02
   0  0   2.78e-02
   0  0   2.58e-02
   0  0   2.37e-02
   0  0   2.18e-02
   0  0   2.04e-02
   0  0   1.94e-02
   0  0   1.88e-02
   0  0   1.84e-02
 0 0 0
   1  2   9.666e+05
   1  3   1.505e+12
   1  4   1.508e+12
   1  5   0.000e+00
   1  6   4.019e+11
   1  7   4.025e+11
   1  8   0.000e+00
   1  9   0.000e+00
   1 10   0.000e+00
   1 11   1.638e+11
   1 12   1.641e+11
   1 13   0.000e+00
   1 14   0.000e+00
   1 15   0.000e+00
   2  3   0.000e+00
   2  4   0.000e+00
   2  5   0.000e+00
   2  6   5.398e+10
   2  7   5.410e+10
   2  8   0.000e+00
   2  9   0.000e+00
   2 10   0.000e+00
   2 11   2.325e+10
   2 12   2.329e+10
   2 13   0.000e+00
   2 14   0.000e+00
   2 15   0.000e+00
   3  4   0.000e+00
   3  5   5.066e+09
   3  6   0.000e+00
   3  7   0.000e+00
   3  8   1.298e+11
   3  9   0.000e+00
   3 10   2.068e+09
   3 11   0.000e+00
   3 12   0.000e+00
   3 13   4.138e+10
   3 14   0.000e+00
   3 15   0.000e+00
   4  5   1.011e+10
   4  6   0.000e+00
   4  7   0.000e+00
   4  8   2.589e+10
   4  9   1.554e+11
   4 10   4.130e+09
   4 11   0.000e+00
   4 12   0.000e+00
   4 13   8.261e+09
   4 14   4.957e+10
   4 15   0.000e+00
   5  6   0.000e+00
   5  7   0.000e+00
   5  8   0.000e+00
   5  9   0.000e+00
   5 10   0.000e+00
   5 11   7.367e+09
   5 12   7.385e+09
   5 13   0.000e+00
   5 14   0.000e+00
   5 15   0.000e+00
   6  7   0.000e+00
   6  8   0.000e+00
   6  9   0.000e+00
   6 10   1.472e+09
   6 11   0.000e+00
   6 12   0.000e+00
   6 13   1.412e+10
   6 14   0.000e+00
   6 15   0.000e+00
   7  8   0.000e+00
   7  9   0.000e+00
   7 10   2.939e+09
   7 11   0.000e+00
   7 12   0.000e+00
   7 13   2.819e+09
   7 14   1.692e+10
   7 15   0.000e+00
   8  9   0.000e+00
   8 10   0.000e+00
   8 11   8.345e+08
   8 12   8.354e+07
   8 13   0.000e+00
   8 14   0.000e+00
   8 15   3.095e+10
   9 10   0.000e+00
   9 11   0.000e+00
   9 12   7.512e+08
   9 13   0.000e+00
   9 14   0.000e+00
   9 15   2.210e+09
  10 11   0.000e+00
  10 12   0.000e+00
  10 13   0.000e+00
  10 14   0.000e+00
  10 15   0.000e+00
  11 12   0.000e+00
  11 13   0.000e+00
  11 14   0.000e+00
  11 15   0.000e+00
  12 13   0.000e+00
  12 14   0.000e+00
  12 15   0.000e+00
  13 14   0.000e+00
  13 15   0.000e+00
  14 15   0.000e+00
   1  2          0.0
   2  2    4034806.8
   3  2    4034761.2
   4  4    4035641.6
   5  2    4782277.1
   6  2    4782263.5
   7  4    4782524.3
   8  4    4782523.9
   9  6    4782610.8
  10  2    5043859.3
  11  2    5043853.5
  12  4    5043963.5
  13  4    5043963.4
  14  6    5044000.0
  15  6    5043999.9
