24
** Atomic data from version 10.1 of the CHIANTI database **
Observed energies: Kramida, A., Ralchenko, Yu., Reader, J., and NIST ASD Team (2012).
NIST Atomic Spectra Database (ver. 5.0), [Online]. Available: http://physics.nist.gov/
Theoretical energies:
Liang, G. Y. & Badnell, N. R. 2010, A&A, 518, A64
      doi = {10.1051/0004-6361/201014170}
      adsurl = {http://adsabs.harvard.edu/abs/2010A%26A...518A..64L}
Produced for the CHIANTI database v.8 by Giulio Del Zanna  Nov 2013
%filename: p_6.wgfa
Observed energies: Kramida, A., Ralchenko, Yu., Reader, J., and NIST ASD Team (2012).
NIST Atomic Spectra Database (ver. 5.0), [Online]. Available: http://physics.nist.gov/
Theoretical energies, gf and A-values:
 Liang, G. Y. & Badnell, N. R. 2010, A&A, 518, A64
 doi = {10.1051/0004-6361/201014170}
 adsurl = {http://adsabs.harvard.edu/abs/2010A%26A...518A..64L}
Note: only transitions with a branching ratio above 10^-5
have been retained.
 Produced for the CHIANTI database v.8 by G. Del Zanna 11 Nov 2014
%File processed with wgfa_tidy by pryoung on  6-Mar-2019
%filename: p_6.scups
Data from Liang, G. Y. & Badnell, N. R. 2010, A&A, 518, A64
      doi = {10.1051/0004-6361/201014170}
      adsurl = {http://adsabs.harvard.edu/abs/2010A%26A...518A..64L}
Produced for the CHIANTI database v.8 by Giulio Del Zanna  Nov 2013
5 23
   1  2s2 2p6 1S0   
   2  2s2 2p5 3s 3P2
   3  2s2 2p5 3s 3P1
   4  2s2 2p5 3s 3P0
   5  2s2 2p5 3s 1P1
     100.0
     158.5
     251.2
     398.1
     631.0
    1000.0
    1584.9
    2511.9
    3981.1
    6309.6
   10000.0
   15848.9
   25118.9
   39810.7
   63095.7
  100000.0
  158489.3
  251188.6
  398107.2
  630957.3
 1000000.0
 1584893.2
 2511886.4
0
   1  2   6.99e-02
   0  0   7.01e-02
   0  0   7.02e-02
   0  0   7.05e-02
   0  0   7.10e-02
   0  0   7.17e-02
   0  0   7.29e-02
   0  0   7.49e-02
   0  0   7.81e-02
   0  0   8.34e-02
   0  0   9.18e-02
   0  0   1.04e-01
   0  0   1.17e-01
   0  0   1.25e-01
   0  0   1.22e-01
   0  0   1.09e-01
   0  0   9.06e-02
   0  0   7.07e-02
   0  0   5.34e-02
   0  0   3.94e-02
   0  0   2.87e-02
   0  0   2.08e-02
   0  0   1.49e-02
   1  3   7.66e-02
   0  0   7.67e-02
   0  0   7.68e-02
   0  0   7.69e-02
   0  0   7.71e-02
   0  0   7.75e-02
   0  0   7.80e-02
   0  0   7.89e-02
   0  0   8.04e-02
   0  0   8.29e-02
   0  0   8.67e-02
   0  0   9.20e-02
   0  0   9.71e-02
   0  0   9.87e-02
   0  0   9.43e-02
   0  0   8.35e-02
   0  0   6.86e-02
   0  0   5.36e-02
   0  0   4.07e-02
   0  0   3.07e-02
   0  0   2.36e-02
   0  0   1.91e-02
   0  0   1.67e-02
   1  4   2.37e-02
   0  0   2.37e-02
   0  0   2.37e-02
   0  0   2.37e-02
   0  0   2.38e-02
   0  0   2.38e-02
   0  0   2.39e-02
   0  0   2.41e-02
   0  0   2.43e-02
   0  0   2.48e-02
   0  0   2.56e-02
   0  0   2.66e-02
   0  0   2.72e-02
   0  0   2.63e-02
   0  0   2.43e-02
   0  0   2.12e-02
   0  0   1.72e-02
   0  0   1.32e-02
   0  0   9.95e-03
   0  0   7.36e-03
   0  0   5.38e-03
   0  0   3.92e-03
   0  0   2.84e-03
   1  5   1.90e-01
   0  0   1.90e-01
   0  0   1.90e-01
   0  0   1.90e-01
   0  0   1.90e-01
   0  0   1.90e-01
   0  0   1.91e-01
   0  0   1.92e-01
   0  0   1.93e-01
   0  0   1.96e-01
   0  0   2.00e-01
   0  0   2.06e-01
   0  0   2.07e-01
   0  0   1.98e-01
   0  0   1.81e-01
   0  0   1.56e-01
   0  0   1.28e-01
   0  0   1.01e-01
   0  0   8.00e-02
   0  0   6.51e-02
   0  0   5.70e-02
   0  0   5.61e-02
   0  0   6.16e-02
   2  3   9.03e+00
   0  0   9.02e+00
   0  0   9.01e+00
   0  0   8.99e+00
   0  0   8.96e+00
   0  0   8.91e+00
   0  0   8.83e+00
   0  0   8.70e+00
   0  0   8.47e+00
   0  0   8.07e+00
   0  0   7.43e+00
   0  0   6.54e+00
   0  0   5.90e+00
   0  0   5.83e+00
   0  0   5.27e+00
   0  0   4.31e+00
   0  0   3.45e+00
   0  0   2.64e+00
   0  0   1.90e+00
   0  0   1.36e+00
   0  0   9.57e-01
   0  0   6.69e-01
   0  0   4.72e-01
   2  4   4.65e-01
   0  0   4.67e-01
   0  0   4.69e-01
   0  0   4.74e-01
   0  0   4.80e-01
   0  0   4.91e-01
   0  0   5.09e-01
   0  0   5.39e-01
   0  0   5.89e-01
   0  0   6.74e-01
   0  0   8.12e-01
   0  0   1.01e+00
   0  0   1.16e+00
   0  0   1.15e+00
   0  0   1.06e+00
   0  0   9.10e-01
   0  0   7.28e-01
   0  0   5.50e-01
   0  0   4.06e-01
   0  0   2.92e-01
   0  0   2.09e-01
   0  0   1.51e-01
   0  0   1.10e-01
   2  5   1.77e+00
   0  0   1.77e+00
   0  0   1.77e+00
   0  0   1.78e+00
   0  0   1.79e+00
   0  0   1.80e+00
   0  0   1.82e+00
   0  0   1.85e+00
   0  0   1.91e+00
   0  0   2.00e+00
   0  0   2.15e+00
   0  0   2.37e+00
   0  0   2.62e+00
   0  0   2.78e+00
   0  0   2.74e+00
   0  0   2.46e+00
   0  0   2.02e+00
   0  0   1.54e+00
   0  0   1.15e+00
   0  0   8.34e-01
   0  0   5.99e-01
   0  0   4.30e-01
   0  0   3.08e-01
   3  4   7.46e-01
   0  0   7.47e-01
   0  0   7.49e-01
   0  0   7.53e-01
   0  0   7.59e-01
   0  0   7.69e-01
   0  0   7.86e-01
   0  0   8.13e-01
   0  0   8.60e-01
   0  0   9.40e-01
   0  0   1.07e+00
   0  0   1.25e+00
   0  0   1.38e+00
   0  0   1.34e+00
   0  0   1.25e+00
   0  0   1.09e+00
   0  0   8.67e-01
   0  0   6.48e-01
   0  0   4.81e-01
   0  0   3.46e-01
   0  0   2.46e-01
   0  0   1.75e-01
   0  0   1.24e-01
   3  5   1.58e+00
   0  0   1.59e+00
   0  0   1.59e+00
   0  0   1.60e+00
   0  0   1.61e+00
   0  0   1.64e+00
   0  0   1.67e+00
   0  0   1.74e+00
   0  0   1.84e+00
   0  0   2.02e+00
   0  0   2.31e+00
   0  0   2.72e+00
   0  0   3.03e+00
   0  0   3.03e+00
   0  0   2.87e+00
   0  0   2.54e+00
   0  0   2.03e+00
   0  0   1.51e+00
   0  0   1.11e+00
   0  0   7.82e-01
   0  0   5.43e-01
   0  0   3.78e-01
   0  0   2.63e-01
   4  5   4.85e-01
   0  0   4.85e-01
   0  0   4.87e-01
   0  0   4.89e-01
   0  0   4.92e-01
   0  0   4.97e-01
   0  0   5.05e-01
   0  0   5.17e-01
   0  0   5.37e-01
   0  0   5.69e-01
   0  0   6.19e-01
   0  0   6.95e-01
   0  0   8.06e-01
   0  0   9.29e-01
   0  0   9.74e-01
   0  0   9.12e-01
   0  0   7.63e-01
   0  0   5.85e-01
   0  0   4.32e-01
   0  0   3.08e-01
   0  0   2.15e-01
   0  0   1.49e-01
   0  0   1.02e-01
 0 0 0
   1  2   3.370e+02
   1  3   8.210e+09
   1  4   0.000e+00
   1  5   6.030e+10
   2  3   0.000e+00
   2  4   2.640e-05
   2  5   0.000e+00
   3  4   2.210e+00
   3  5   0.000e+00
   4  5   0.000e+00
   1  1          0.0
   2  5    1089844.6
   3  3    1093290.0
   4  1    1097062.1
   5  3    1103116.1
