7
** Atomic data ported from Cloudy c25.00 Stout database: ar_6 **
Energy levels & weights: NIST ASD / Stout (ar_6.nrg)
Radiative transition probabilities: Stout (ar_6.tp)
Ref: Reference:
Ref: Saraph, H. E., & Storey, P. J. 1996, A&AS, 115, 151
Ref: http://adsabs.harvard.edu/abs/1996A&AS..115..151S
Generated by MOCASSIN Stout Converter (tools/stout_converter)
    2   43
 1  3s2.3p 2P*1/2   
 2  3s2.3p 2P*3/2   
  2.0000e+01
  5.0000e+01
  1.0000e+02
  2.0000e+02
  3.0000e+02
  4.0000e+02
  5.0000e+02
  6.0000e+02
  7.0000e+02
  8.0000e+02
  9.0000e+02
  1.0000e+03
  1.5000e+03
  2.0000e+03
  2.5000e+03
  3.0000e+03
  3.5000e+03
  4.0000e+03
  4.5000e+03
  5.0000e+03
  5.5000e+03
  6.0000e+03
  6.5000e+03
  7.0000e+03
  7.5000e+03
  8.0000e+03
  8.5000e+03
  9.0000e+03
  9.5000e+03
  1.0000e+04
  1.1000e+04
  1.2000e+04
  1.3000e+04
  1.4000e+04
  1.5000e+04
  1.6000e+04
  1.8000e+04
  2.0000e+04
  2.4000e+04
  2.8000e+04
  3.2000e+04
  3.6000e+04
  4.0000e+04
0
    1   2     3.0400e+00   2.0000e+01
    0   0     3.0200e+00   5.0000e+01
    0   0     3.0000e+00   1.0000e+02
    0   0     2.9700e+00   2.0000e+02
    0   0     2.9500e+00   3.0000e+02
    0   0     2.9600e+00   4.0000e+02
    0   0     2.9700e+00   5.0000e+02
    0   0     3.0000e+00   6.0000e+02
    0   0     3.0300e+00   7.0000e+02
    0   0     3.0600e+00   8.0000e+02
    0   0     3.0800e+00   9.0000e+02
    0   0     3.1100e+00   1.0000e+03
    0   0     3.2300e+00   1.5000e+03
    0   0     3.4000e+00   2.0000e+03
    0   0     3.6200e+00   2.5000e+03
    0   0     3.8600e+00   3.0000e+03
    0   0     4.1100e+00   3.5000e+03
    0   0     4.3500e+00   4.0000e+03
    0   0     4.5700e+00   4.5000e+03
    0   0     4.7800e+00   5.0000e+03
    0   0     4.9600e+00   5.5000e+03
    0   0     5.1300e+00   6.0000e+03
    0   0     5.2700e+00   6.5000e+03
    0   0     5.4000e+00   7.0000e+03
    0   0     5.5100e+00   7.5000e+03
    0   0     5.6100e+00   8.0000e+03
    0   0     5.7000e+00   8.5000e+03
    0   0     5.7700e+00   9.0000e+03
    0   0     5.8400e+00   9.5000e+03
    0   0     5.9000e+00   1.0000e+04
    0   0     6.0000e+00   1.1000e+04
    0   0     6.0800e+00   1.2000e+04
    0   0     6.1400e+00   1.3000e+04
    0   0     6.1900e+00   1.4000e+04
    0   0     6.2300e+00   1.5000e+04
    0   0     6.2600e+00   1.6000e+04
    0   0     6.3000e+00   1.8000e+04
    0   0     6.3300e+00   2.0000e+04
    0   0     6.3600e+00   2.4000e+04
    0   0     6.3600e+00   2.8000e+04
    0   0     6.3600e+00   3.2000e+04
    0   0     6.3500e+00   3.6000e+04
    0   0     6.3300e+00   4.0000e+04
 0 0 0
    1   2     9.7000e-02
  1  2        0.0000
  2  4     2207.8800
