6
** Atomic data ported from Cloudy c25.00 Stout database: k_7 **
Energy levels & weights: NIST ASD / Stout (k_7.nrg)
Radiative transition probabilities: Stout (k_7.tp)
Ref: Saraph, H.E., & Storey, P.J. 1996, A&AS, 115, 151
Ref: http://adsabs.harvard.edu/abs/1996A&AS..115..151S
Generated by MOCASSIN Stout Converter (tools/stout_converter)
    2   29
 1  3s2.3p 2P*1/2   
 2  3s2.3p 2P*3/2   
  2.0000e+01
  1.0000e+02
  3.0000e+02
  5.0000e+02
  7.0000e+02
  9.0000e+02
  1.5000e+03
  2.5000e+03
  3.5000e+03
  4.5000e+03
  5.5000e+03
  6.5000e+03
  7.5000e+03
  8.5000e+03
  9.5000e+03
  1.0000e+04
  1.1000e+04
  1.2000e+04
  1.3000e+04
  1.4000e+04
  1.5000e+04
  1.6000e+04
  1.8000e+04
  2.0000e+04
  2.4000e+04
  2.8000e+04
  3.2000e+04
  3.6000e+04
  4.0000e+04
0
    1   2     5.4200e+00   2.0000e+01
    0   0     5.2000e+00   1.0000e+02
    0   0     4.9900e+00   3.0000e+02
    0   0     4.9100e+00   5.0000e+02
    0   0     4.8600e+00   7.0000e+02
    0   0     4.8500e+00   9.0000e+02
    0   0     4.9000e+00   1.5000e+03
    0   0     4.9300e+00   2.5000e+03
    0   0     4.9200e+00   3.5000e+03
    0   0     4.8700e+00   4.5000e+03
    0   0     4.8100e+00   5.5000e+03
    0   0     4.7500e+00   6.5000e+03
    0   0     4.6800e+00   7.5000e+03
    0   0     4.6200e+00   8.5000e+03
    0   0     4.5600e+00   9.5000e+03
    0   0     4.5300e+00   1.0000e+04
    0   0     4.4900e+00   1.1000e+04
    0   0     4.4600e+00   1.2000e+04
    0   0     4.4400e+00   1.3000e+04
    0   0     4.4200e+00   1.4000e+04
    0   0     4.4100e+00   1.5000e+04
    0   0     4.4100e+00   1.6000e+04
    0   0     4.4100e+00   1.8000e+04
    0   0     4.4300e+00   2.0000e+04
    0   0     4.4900e+00   2.4000e+04
    0   0     4.5400e+00   2.8000e+04
    0   0     4.6000e+00   3.2000e+04
    0   0     4.6400e+00   3.6000e+04
    0   0     4.6700e+00   4.0000e+04
 0 0 0
    1   2     2.7600e-01
  1  2        0.0000
  2  4     3134.2800
